[0.0,0.0]
[0.0,0.0]
[0.0,0.0]
[0.0,0.0]
[0.0,0.0]
[0.0,0.0]
[0.0,0.0]
[0.0,0.0]
[0.0,0.0]
[0.0,0.0]
[0.0,0.0]
[0.0,0.0]
[0.0,0.0]
[0.0,0.0]
[0.0,0.0]
[0.0,0.0]
[0.0,0.0]
[0.0,0.0]
[0.0,0.0]
[0.0,0.0]
[0.0,0.0]
[0.0,0.0]
[0.0,0.0]
[0.0,0.0]
[0.0,0.0]
[0.0,0.0]
[0.0,0.0]
[0.0,0.0]
[0.0,0.0]
[0.0,0.0]
[0.0,0.0]
[0.0,0.0]
[0.0,0.0]
[0.0,0.0]
[0.0,0.0]
[0.0,0.0]
[0.0,0.0]
[0.0,0.0]
[0.0,0.0]
[0.0,0.0]
[0.0,0.0]
[0.0,0.0]
[0.0,0.0]
[0.0,0.0]
[0.0,0.0]
[0.0,0.0]
[0.0,0.0]
[0.0,0.0]
[0.0,0.0]
[0.0,0.0]
[0.0,0.0]
[0.0,0.0]
[0.0,0.0]
[0.0,0.0]
[0.0,0.0]
[0.0,0.0]
[0.0,0.0]
[0.0,0.0]
[0.0,0.0]
[0.0,0.0]
[0.0,0.0]
[0.0,0.0]
[0.0,0.0]
[0.0,0.0]
[0.0,0.0]
[0.0,0.0]
[0.0,0.0]
[0.0,0.0]
[0.0,0.0]
[0.0,0.0]
[0.0,0.0]
[0.0,0.0]
[0.0,0.0]
[0.0,0.0]
[0.0,0.0]
[0.0,0.0]
[0.0,0.0]
[0.0,0.0]
[0.0,0.0]
[0.0,0.0]
[0.0,0.0]
[0.0,0.0]
[0.0,0.0]
[0.0,0.0]
[0.0,0.0]
[0.0,0.0]
[0.0,0.0]
[0.0,0.0]
[0.0,0.0]
[0.0,0.0]
[0.0,0.0]
[0.0,0.0]
[0.0,0.0]
[0.0,0.0]
[0.0,0.0]
[0.0,0.0]
[0.0,0.0]
[0.0,0.0]
[0.0,0.0]
[0.0,0.0]
[0.0,0.0]
[0.0,0.0]
[0.0,0.0]
[0.0,0.0]
[0.0,0.0]
[0.0,0.0]
[0.0,0.0]
[0.0,0.0]
[0.0,0.0]
[0.0,0.0]
[0.0,0.0]
[0.0,0.0]
[0.0,0.0]
[0.0,0.0]
[0.0,0.0]
[0.0,0.0]
[0.0,0.0]
[0.0,0.0]
[0.0,0.0]
[0.0,0.0]
[0.0,0.0]
[0.0,0.0]
[0.0,0.0]
[0.0,0.0]
[0.0,0.0]
[0.0,0.0]
[0.0,0.0]
[0.0,0.0]
[0.0,0.0]
[0.0,0.0]
[0.0,0.0]
[0.0,0.0]
[0.0,0.0]
[0.0,0.0]
[0.0,0.0]
[0.0,0.0]
[0.0,0.0]
[0.0,0.0]
[0.0,0.0]
[0.0,0.0]
[0.0,0.0]
[0.0,0.0]
[0.0,0.0]
[0.0,0.0]
[0.0,0.0]
[0.0,0.0]
[0.0,0.0]
[0.0,0.0]
[0.0,0.0]
[0.0,0.0]
[0.0,0.0]
[0.0,0.0]
[0.0,0.0]
[0.0,0.0]
[0.0,0.0]
[0.0,0.0]
[0.0,0.0]
[0.0,0.0]
[0.0,0.0]
[0.0,0.0]
[0.0,0.0]
[0.0,0.0]
[0.0,0.0]
[0.0,0.0]
[0.0,0.0]
[0.0,0.0]
[0.0,0.0]
[0.0,0.0]
[0.0,0.0]
[0.0,0.0]
[0.0,0.0]
[0.0,0.0]
[0.0,0.0]
[0.0,0.0]
[0.0,0.0]
[0.0,0.0]
[0.0,0.0]
[0.0,0.0]
[0.0,0.0]
[0.0,0.0]
[0.0,0.0]
[0.0,0.0]
[0.0,0.0]
[0.0,0.0]
[0.0,0.0]
[0.0,0.0]
[0.0,0.0]
[0.0,0.0]
[0.0,0.0]
[0.0,0.0]
[0.0,0.0]
[0.0,0.0]
[0.0,0.0]
[0.0,0.0]
[0.0,0.0]
[0.0,0.0]
[0.0,0.0]
[0.0,0.0]
[0.0,0.0]
[0.0,0.0]
[0.0,0.0]
[0.0,0.0]
[0.32941176470588235,0.32941176470588235]
[0.7254901960784313,0.7254901960784313]
[0.6235294117647059,0.6235294117647059]
[0.592156862745098,0.592156862745098]
[0.23529411764705882,0.23529411764705882]
[0.1411764705882353,0.1411764705882353]
[0.0,0.0]
[0.0,0.0]
[0.0,0.0]
[0.0,0.0]
[0.0,0.0]
[0.0,0.0]
[0.0,0.0]
[0.0,0.0]
[0.0,0.0]
[0.0,0.0]
[0.0,0.0]
[0.0,0.0]
[0.0,0.0]
[0.0,0.0]
[0.0,0.0]
[0.0,0.0]
[0.0,0.0]
[0.0,0.0]
[0.0,0.0]
[0.0,0.0]
[0.0,0.0]
[0.0,0.0]
[0.8705882352941177,0.8705882352941177]
[0.996078431372549,0.996078431372549]
[0.996078431372549,0.996078431372549]
[0.996078431372549,0.996078431372549]
[0.996078431372549,0.996078431372549]
[0.9450980392156862,0.9450980392156862]
[0.7764705882352941,0.7764705882352941]
[0.7764705882352941,0.7764705882352941]
[0.7764705882352941,0.7764705882352941]
[0.7764705882352941,0.7764705882352941]
[0.7764705882352941,0.7764705882352941]
[0.7764705882352941,0.7764705882352941]
[0.7764705882352941,0.7764705882352941]
[0.7764705882352941,0.7764705882352941]
[0.6666666666666666,0.6666666666666666]
[0.20392156862745098,0.20392156862745098]
[0.0,0.0]
[0.0,0.0]
[0.0,0.0]
[0.0,0.0]
[0.0,0.0]
[0.0,0.0]
[0.0,0.0]
[0.0,0.0]
[0.0,0.0]
[0.0,0.0]
[0.0,0.0]
[0.0,0.0]
[0.2627450980392157,0.2627450980392157]
[0.4470588235294118,0.4470588235294118]
[0.2823529411764706,0.2823529411764706]
[0.4470588235294118,0.4470588235294118]
[0.6392156862745098,0.6392156862745098]
[0.8901960784313725,0.8901960784313725]
[0.996078431372549,0.996078431372549]
[0.8823529411764706,0.8823529411764706]
[0.996078431372549,0.996078431372549]
[0.996078431372549,0.996078431372549]
[0.996078431372549,0.996078431372549]
[0.9803921568627451,0.9803921568627451]
[0.8980392156862745,0.8980392156862745]
[0.996078431372549,0.996078431372549]
[0.996078431372549,0.996078431372549]
[0.5490196078431373,0.5490196078431373]
[0.0,0.0]
[0.0,0.0]
[0.0,0.0]
[0.0,0.0]
[0.0,0.0]
[0.0,0.0]
[0.0,0.0]
[0.0,0.0]
[0.0,0.0]
[0.0,0.0]
[0.0,0.0]
[0.0,0.0]
[0.0,0.0]
[0.0,0.0]
[0.0,0.0]
[0.0,0.0]
[0.0,0.0]
[0.06666666666666667,0.06666666666666667]
[0.25882352941176473,0.25882352941176473]
[0.054901960784313725,0.054901960784313725]
[0.2627450980392157,0.2627450980392157]
[0.2627450980392157,0.2627450980392157]
[0.2627450980392157,0.2627450980392157]
[0.23137254901960785,0.23137254901960785]
[0.08235294117647059,0.08235294117647059]
[0.9254901960784314,0.9254901960784314]
[0.996078431372549,0.996078431372549]
[0.41568627450980394,0.41568627450980394]
[0.0,0.0]
[0.0,0.0]
[0.0,0.0]
[0.0,0.0]
[0.0,0.0]
[0.0,0.0]
[0.0,0.0]
[0.0,0.0]
[0.0,0.0]
[0.0,0.0]
[0.0,0.0]
[0.0,0.0]
[0.0,0.0]
[0.0,0.0]
[0.0,0.0]
[0.0,0.0]
[0.0,0.0]
[0.0,0.0]
[0.0,0.0]
[0.0,0.0]
[0.0,0.0]
[0.0,0.0]
[0.0,0.0]
[0.0,0.0]
[0.3254901960784314,0.3254901960784314]
[0.9921568627450981,0.9921568627450981]
[0.8196078431372549,0.8196078431372549]
[0.07058823529411765,0.07058823529411765]
[0.0,0.0]
[0.0,0.0]
[0.0,0.0]
[0.0,0.0]
[0.0,0.0]
[0.0,0.0]
[0.0,0.0]
[0.0,0.0]
[0.0,0.0]
[0.0,0.0]
[0.0,0.0]
[0.0,0.0]
[0.0,0.0]
[0.0,0.0]
[0.0,0.0]
[0.0,0.0]
[0.0,0.0]
[0.0,0.0]
[0.0,0.0]
[0.0,0.0]
[0.0,0.0]
[0.0,0.0]
[0.0,0.0]
[0.08627450980392157,0.08627450980392157]
[0.9137254901960784,0.9137254901960784]
[1.0,1.0]
[0.3254901960784314,0.3254901960784314]
[0.0,0.0]
[0.0,0.0]
[0.0,0.0]
[0.0,0.0]
[0.0,0.0]
[0.0,0.0]
[0.0,0.0]
[0.0,0.0]
[0.0,0.0]
[0.0,0.0]
[0.0,0.0]
[0.0,0.0]
[0.0,0.0]
[0.0,0.0]
[0.0,0.0]
[0.0,0.0]
[0.0,0.0]
[0.0,0.0]
[0.0,0.0]
[0.0,0.0]
[0.0,0.0]
[0.0,0.0]
[0.0,0.0]
[0.0,0.0]
[0.5058823529411764,0.5058823529411764]
[0.996078431372549,0.996078431372549]
[0.9333333333333333,0.9333333333333333]
[0.17254901960784313,0.17254901960784313]
[0.0,0.0]
[0.0,0.0]
[0.0,0.0]
[0.0,0.0]
[0.0,0.0]
[0.0,0.0]
[0.0,0.0]
[0.0,0.0]
[0.0,0.0]
[0.0,0.0]
[0.0,0.0]
[0.0,0.0]
[0.0,0.0]
[0.0,0.0]
[0.0,0.0]
[0.0,0.0]
[0.0,0.0]
[0.0,0.0]
[0.0,0.0]
[0.0,0.0]
[0.0,0.0]
[0.0,0.0]
[0.0,0.0]
[0.23137254901960785,0.23137254901960785]
[0.9764705882352941,0.9764705882352941]
[0.996078431372549,0.996078431372549]
[0.24313725490196078,0.24313725490196078]
[0.0,0.0]
[0.0,0.0]
[0.0,0.0]
[0.0,0.0]
[0.0,0.0]
[0.0,0.0]
[0.0,0.0]
[0.0,0.0]
[0.0,0.0]
[0.0,0.0]
[0.0,0.0]
[0.0,0.0]
[0.0,0.0]
[0.0,0.0]
[0.0,0.0]
[0.0,0.0]
[0.0,0.0]
[0.0,0.0]
[0.0,0.0]
[0.0,0.0]
[0.0,0.0]
[0.0,0.0]
[0.0,0.0]
[0.0,0.0]
[0.5215686274509804,0.5215686274509804]
[0.996078431372549,0.996078431372549]
[0.7333333333333333,0.7333333333333333]
[0.0196078431372549,0.0196078431372549]
[0.0,0.0]
[0.0,0.0]
[0.0,0.0]
[0.0,0.0]
[0.0,0.0]
[0.0,0.0]
[0.0,0.0]
[0.0,0.0]
[0.0,0.0]
[0.0,0.0]
[0.0,0.0]
[0.0,0.0]
[0.0,0.0]
[0.0,0.0]
[0.0,0.0]
[0.0,0.0]
[0.0,0.0]
[0.0,0.0]
[0.0,0.0]
[0.0,0.0]
[0.0,0.0]
[0.0,0.0]
[0.0,0.0]
[0.03529411764705882,0.03529411764705882]
[0.803921568627451,0.803921568627451]
[0.9725490196078431,0.9725490196078431]
[0.22745098039215686,0.22745098039215686]
[0.0,0.0]
[0.0,0.0]
[0.0,0.0]
[0.0,0.0]
[0.0,0.0]
[0.0,0.0]
[0.0,0.0]
[0.0,0.0]
[0.0,0.0]
[0.0,0.0]
[0.0,0.0]
[0.0,0.0]
[0.0,0.0]
[0.0,0.0]
[0.0,0.0]
[0.0,0.0]
[0.0,0.0]
[0.0,0.0]
[0.0,0.0]
[0.0,0.0]
[0.0,0.0]
[0.0,0.0]
[0.0,0.0]
[0.0,0.0]
[0.49411764705882355,0.49411764705882355]
[0.996078431372549,0.996078431372549]
[0.7137254901960784,0.7137254901960784]
[0.0,0.0]
[0.0,0.0]
[0.0,0.0]
[0.0,0.0]
[0.0,0.0]
[0.0,0.0]
[0.0,0.0]
[0.0,0.0]
[0.0,0.0]
[0.0,0.0]
[0.0,0.0]
[0.0,0.0]
[0.0,0.0]
[0.0,0.0]
[0.0,0.0]
[0.0,0.0]
[0.0,0.0]
[0.0,0.0]
[0.0,0.0]
[0.0,0.0]
[0.0,0.0]
[0.0,0.0]
[0.0,0.0]
[0.0,0.0]
[0.29411764705882354,0.29411764705882354]
[0.984313725490196,0.984313725490196]
[0.9411764705882353,0.9411764705882353]
[0.2235294117647059,0.2235294117647059]
[0.0,0.0]
[0.0,0.0]
[0.0,0.0]
[0.0,0.0]
[0.0,0.0]
[0.0,0.0]
[0.0,0.0]
[0.0,0.0]
[0.0,0.0]
[0.0,0.0]
[0.0,0.0]
[0.0,0.0]
[0.0,0.0]
[0.0,0.0]
[0.0,0.0]
[0.0,0.0]
[0.0,0.0]
[0.0,0.0]
[0.0,0.0]
[0.0,0.0]
[0.0,0.0]
[0.0,0.0]
[0.0,0.0]
[0.07450980392156863,0.07450980392156863]
[0.8666666666666667,0.8666666666666667]
[0.996078431372549,0.996078431372549]
[0.6509803921568628,0.6509803921568628]
[0.0,0.0]
[0.0,0.0]
[0.0,0.0]
[0.0,0.0]
[0.0,0.0]
[0.0,0.0]
[0.0,0.0]
[0.0,0.0]
[0.0,0.0]
[0.0,0.0]
[0.0,0.0]
[0.0,0.0]
[0.0,0.0]
[0.0,0.0]
[0.0,0.0]
[0.0,0.0]
[0.0,0.0]
[0.0,0.0]
[0.0,0.0]
[0.0,0.0]
[0.0,0.0]
[0.0,0.0]
[0.0,0.0]
[0.011764705882352941,0.011764705882352941]
[0.796078431372549,0.796078431372549]
[0.996078431372549,0.996078431372549]
[0.8588235294117647,0.8588235294117647]
[0.13725490196078433,0.13725490196078433]
[0.0,0.0]
[0.0,0.0]
[0.0,0.0]
[0.0,0.0]
[0.0,0.0]
[0.0,0.0]
[0.0,0.0]
[0.0,0.0]
[0.0,0.0]
[0.0,0.0]
[0.0,0.0]
[0.0,0.0]
[0.0,0.0]
[0.0,0.0]
[0.0,0.0]
[0.0,0.0]
[0.0,0.0]
[0.0,0.0]
[0.0,0.0]
[0.0,0.0]
[0.0,0.0]
[0.0,0.0]
[0.0,0.0]
[0.14901960784313725,0.14901960784313725]
[0.996078431372549,0.996078431372549]
[0.996078431372549,0.996078431372549]
[0.30196078431372547,0.30196078431372547]
[0.0,0.0]
[0.0,0.0]
[0.0,0.0]
[0.0,0.0]
[0.0,0.0]
[0.0,0.0]
[0.0,0.0]
[0.0,0.0]
[0.0,0.0]
[0.0,0.0]
[0.0,0.0]
[0.0,0.0]
[0.0,0.0]
[0.0,0.0]
[0.0,0.0]
[0.0,0.0]
[0.0,0.0]
[0.0,0.0]
[0.0,0.0]
[0.0,0.0]
[0.0,0.0]
[0.0,0.0]
[0.0,0.0]
[0.12156862745098039,0.12156862745098039]
[0.8784313725490196,0.8784313725490196]
[0.996078431372549,0.996078431372549]
[0.45098039215686275,0.45098039215686275]
[0.00392156862745098,0.00392156862745098]
[0.0,0.0]
[0.0,0.0]
[0.0,0.0]
[0.0,0.0]
[0.0,0.0]
[0.0,0.0]
[0.0,0.0]
[0.0,0.0]
[0.0,0.0]
[0.0,0.0]
[0.0,0.0]
[0.0,0.0]
[0.0,0.0]
[0.0,0.0]
[0.0,0.0]
[0.0,0.0]
[0.0,0.0]
[0.0,0.0]
[0.0,0.0]
[0.0,0.0]
[0.0,0.0]
[0.0,0.0]
[0.0,0.0]
[0.5215686274509804,0.5215686274509804]
[0.996078431372549,0.996078431372549]
[0.996078431372549,0.996078431372549]
[0.20392156862745098,0.20392156862745098]
[0.0,0.0]
[0.0,0.0]
[0.0,0.0]
[0.0,0.0]
[0.0,0.0]
[0.0,0.0]
[0.0,0.0]
[0.0,0.0]
[0.0,0.0]
[0.0,0.0]
[0.0,0.0]
[0.0,0.0]
[0.0,0.0]
[0.0,0.0]
[0.0,0.0]
[0.0,0.0]
[0.0,0.0]
[0.0,0.0]
[0.0,0.0]
[0.0,0.0]
[0.0,0.0]
[0.0,0.0]
[0.0,0.0]
[0.23921568627450981,0.23921568627450981]
[0.9490196078431372,0.9490196078431372]
[0.996078431372549,0.996078431372549]
[0.996078431372549,0.996078431372549]
[0.20392156862745098,0.20392156862745098]
[0.0,0.0]
[0.0,0.0]
[0.0,0.0]
[0.0,0.0]
[0.0,0.0]
[0.0,0.0]
[0.0,0.0]
[0.0,0.0]
[0.0,0.0]
[0.0,0.0]
[0.0,0.0]
[0.0,0.0]
[0.0,0.0]
[0.0,0.0]
[0.0,0.0]
[0.0,0.0]
[0.0,0.0]
[0.0,0.0]
[0.0,0.0]
[0.0,0.0]
[0.0,0.0]
[0.0,0.0]
[0.0,0.0]
[0.4745098039215686,0.4745098039215686]
[0.996078431372549,0.996078431372549]
[0.996078431372549,0.996078431372549]
[0.8588235294117647,0.8588235294117647]
[0.1568627450980392,0.1568627450980392]
[0.0,0.0]
[0.0,0.0]
[0.0,0.0]
[0.0,0.0]
[0.0,0.0]
[0.0,0.0]
[0.0,0.0]
[0.0,0.0]
[0.0,0.0]
[0.0,0.0]
[0.0,0.0]
[0.0,0.0]
[0.0,0.0]
[0.0,0.0]
[0.0,0.0]
[0.0,0.0]
[0.0,0.0]
[0.0,0.0]
[0.0,0.0]
[0.0,0.0]
[0.0,0.0]
[0.0,0.0]
[0.0,0.0]
[0.4745098039215686,0.4745098039215686]
[0.996078431372549,0.996078431372549]
[0.8117647058823529,0.8117647058823529]
[0.07058823529411765,0.07058823529411765]
[0.0,0.0]
[0.0,0.0]
[0.0,0.0]
[0.0,0.0]
[0.0,0.0]
[0.0,0.0]
[0.0,0.0]
[0.0,0.0]
[0.0,0.0]
[0.0,0.0]
[0.0,0.0]
[0.0,0.0]
[0.0,0.0]
[0.0,0.0]
[0.0,0.0]
[0.0,0.0]
[0.0,0.0]
[0.0,0.0]
[0.0,0.0]
[0.0,0.0]
[0.0,0.0]
[0.0,0.0]
[0.0,0.0]
[0.0,0.0]
[0.0,0.0]
[0.0,0.0]
[0.0,0.0]
[0.0,0.0]
[0.0,0.0]
[0.0,0.0]
[0.0,0.0]
[0.0,0.0]
[0.0,0.0]
[0.0,0.0]
[0.0,0.0]
[0.0,0.0]
[0.0,0.0]
[0.0,0.0]
[0.0,0.0]
[0.0,0.0]
[0.0,0.0]
[0.0,0.0]
[-0.02,0.02]
[-0.02,0.02]
[-0.02,0.02]
[-0.02,0.02]
[-0.02,0.02]
[-0.02,0.02]
[-0.02,0.02]
[-0.02,0.02]
[-0.02,0.02]
[-0.02,0.02]
[-0.02,0.02]
[-0.02,0.02]
[-0.02,0.02]
[-0.02,0.02]
[-0.02,0.02]
[-0.02,0.02]
[-0.02,0.02]
[-0.02,0.02]
[-0.02,0.02]
[-0.02,0.02]
[-0.02,0.02]
[-0.02,0.02]
[-0.02,0.02]
[-0.02,0.02]
[-0.02,0.02]
[-0.02,0.02]
[-0.02,0.02]
[-0.02,0.02]
[-0.02,0.02]
[-0.02,0.02]
[-0.02,0.02]
[-0.02,0.02]
[-0.02,0.02]
[-0.02,0.02]
[-0.02,0.02]
[-0.02,0.02]
[-0.02,0.02]
[-0.02,0.02]
[-0.02,0.02]
[-0.02,0.02]
[-0.02,0.02]
[-0.02,0.02]
[-0.02,0.02]
[-0.02,0.02]
[-0.02,0.02]
[-0.02,0.02]
[-0.02,0.02]
[-0.02,0.02]
[-0.02,0.02]
[-0.02,0.02]
[-0.02,0.02]
[-0.02,0.02]
[-0.02,0.02]
[-0.02,0.02]
[-0.02,0.02]
[-0.02,0.02]
[-0.02,0.02]
[-0.02,0.02]
[-0.02,0.02]
[-0.02,0.02]
[-0.02,0.02]
[-0.02,0.02]
[-0.02,0.02]
[-0.02,0.02]
[-0.02,0.02]
[-0.02,0.02]
[-0.02,0.02]
[-0.02,0.02]
[-0.02,0.02]
[-0.02,0.02]
[-0.02,0.02]
[-0.02,0.02]
[-0.02,0.02]
[-0.02,0.02]
[-0.02,0.02]
[-0.02,0.02]
[-0.02,0.02]
[-0.02,0.02]
[-0.02,0.02]
[-0.02,0.02]
[-0.02,0.02]
[-0.02,0.02]
[-0.02,0.02]
[-0.02,0.02]
[-0.02,0.02]
[-0.02,0.02]
[-0.02,0.02]
[-0.02,0.02]
[-0.02,0.02]
[-0.02,0.02]
[-0.02,0.02]
[-0.02,0.02]
[-0.02,0.02]
[-0.02,0.02]
[-0.02,0.02]
[-0.02,0.02]
[-0.02,0.02]
[-0.02,0.02]
[-0.02,0.02]
[-0.02,0.02]
[-0.02,0.02]
[-0.02,0.02]
[-0.02,0.02]
[-0.02,0.02]
[-0.02,0.02]
[-0.02,0.02]
[-0.02,0.02]
[-0.02,0.02]
[-0.02,0.02]
[-0.02,0.02]
[-0.02,0.02]
[-0.02,0.02]
[-0.02,0.02]
[-0.02,0.02]
[-0.02,0.02]
[-0.02,0.02]
[-0.02,0.02]
[-0.02,0.02]
[-0.02,0.02]
[-0.02,0.02]
[-0.02,0.02]
[-0.02,0.02]
[-0.02,0.02]
[-0.02,0.02]
[-0.02,0.02]
[-0.02,0.02]
[-0.02,0.02]
[-0.02,0.02]
[-0.02,0.02]
[-0.02,0.02]
[-0.02,0.02]
[-0.02,0.02]
[-0.02,0.02]
[-0.02,0.02]
[-0.02,0.02]
[-0.02,0.02]
[-0.02,0.02]
[-0.02,0.02]
[-0.02,0.02]
[-0.02,0.02]
[-0.02,0.02]
[-0.02,0.02]
[-0.02,0.02]
[-0.02,0.02]
[-0.02,0.02]
[-0.02,0.02]
[-0.02,0.02]
[-0.02,0.02]
[-0.02,0.02]
[-0.02,0.02]
[-0.02,0.02]
[-0.02,0.02]
[-0.02,0.02]
[-0.02,0.02]
[-0.02,0.02]
[-0.02,0.02]
[-0.02,0.02]
[-0.02,0.02]
[-0.02,0.02]
[-0.02,0.02]
[-0.02,0.02]
[-0.02,0.02]
[-0.02,0.02]
[-0.02,0.02]
[-0.02,0.02]
[-0.02,0.02]
[-0.02,0.02]
[-0.02,0.02]
[-0.02,0.02]
[-0.02,0.02]
[-0.02,0.02]
[-0.02,0.02]
[-0.02,0.02]
[-0.02,0.02]
[-0.02,0.02]
[-0.02,0.02]
[-0.02,0.02]
[-0.02,0.02]
[-0.02,0.02]
[-0.02,0.02]
[-0.02,0.02]
[-0.02,0.02]
[-0.02,0.02]
[-0.02,0.02]
[-0.02,0.02]
[-0.02,0.02]
[-0.02,0.02]
[-0.02,0.02]
[-0.02,0.02]
[-0.02,0.02]
[-0.02,0.02]
[-0.02,0.02]
[-0.02,0.02]
[-0.02,0.02]
[-0.02,0.02]
[-0.02,0.02]
[-0.02,0.02]
[-0.02,0.02]
[-0.02,0.02]
[-0.02,0.02]
[-0.02,0.02]
[-0.02,0.02]
[0.30941176470588233,0.34941176470588237]
[0.7054901960784313,0.7454901960784314]
[0.6035294117647059,0.6435294117647059]
[0.572156862745098,0.6121568627450981]
[0.21529411764705883,0.25529411764705884]
[0.12117647058823529,0.16117647058823528]
[-0.02,0.02]
[-0.02,0.02]
[-0.02,0.02]
[-0.02,0.02]
[-0.02,0.02]
[-0.02,0.02]
[-0.02,0.02]
[-0.02,0.02]
[-0.02,0.02]
[-0.02,0.02]
[-0.02,0.02]
[-0.02,0.02]
[-0.02,0.02]
[-0.02,0.02]
[-0.02,0.02]
[-0.02,0.02]
[-0.02,0.02]
[-0.02,0.02]
[-0.02,0.02]
[-0.02,0.02]
[-0.02,0.02]
[-0.02,0.02]
[0.8505882352941176,0.8905882352941177]
[0.976078431372549,1.016078431372549]
[0.976078431372549,1.016078431372549]
[0.976078431372549,1.016078431372549]
[0.976078431372549,1.016078431372549]
[0.9250980392156862,0.9650980392156863]
[0.7564705882352941,0.7964705882352942]
[0.7564705882352941,0.7964705882352942]
[0.7564705882352941,0.7964705882352942]
[0.7564705882352941,0.7964705882352942]
[0.7564705882352941,0.7964705882352942]
[0.7564705882352941,0.7964705882352942]
[0.7564705882352941,0.7964705882352942]
[0.7564705882352941,0.7964705882352942]
[0.6466666666666666,0.6866666666666666]
[0.183921568627451,0.22392156862745097]
[-0.02,0.02]
[-0.02,0.02]
[-0.02,0.02]
[-0.02,0.02]
[-0.02,0.02]
[-0.02,0.02]
[-0.02,0.02]
[-0.02,0.02]
[-0.02,0.02]
[-0.02,0.02]
[-0.02,0.02]
[-0.02,0.02]
[0.2427450980392157,0.2827450980392157]
[0.42705882352941177,0.4670588235294118]
[0.26235294117647057,0.3023529411764706]
[0.42705882352941177,0.4670588235294118]
[0.6192156862745097,0.6592156862745098]
[0.8701960784313725,0.9101960784313725]
[0.976078431372549,1.016078431372549]
[0.8623529411764705,0.9023529411764706]
[0.976078431372549,1.016078431372549]
[0.976078431372549,1.016078431372549]
[0.976078431372549,1.016078431372549]
[0.960392156862745,1.000392156862745]
[0.8780392156862745,0.9180392156862746]
[0.976078431372549,1.016078431372549]
[0.976078431372549,1.016078431372549]
[0.5290196078431373,0.5690196078431373]
[-0.02,0.02]
[-0.02,0.02]
[-0.02,0.02]
[-0.02,0.02]
[-0.02,0.02]
[-0.02,0.02]
[-0.02,0.02]
[-0.02,0.02]
[-0.02,0.02]
[-0.02,0.02]
[-0.02,0.02]
[-0.02,0.02]
[-0.02,0.02]
[-0.02,0.02]
[-0.02,0.02]
[-0.02,0.02]
[-0.02,0.02]
[0.04666666666666666,0.08666666666666667]
[0.23882352941176474,0.27882352941176475]
[0.03490196078431372,0.07490196078431373]
[0.2427450980392157,0.2827450980392157]
[0.2427450980392157,0.2827450980392157]
[0.2427450980392157,0.2827450980392157]
[0.21137254901960786,0.25137254901960787]
[0.06235294117647058,0.10235294117647059]
[0.9054901960784314,0.9454901960784314]
[0.976078431372549,1.016078431372549]
[0.3956862745098039,0.43568627450980396]
[-0.02,0.02]
[-0.02,0.02]
[-0.02,0.02]
[-0.02,0.02]
[-0.02,0.02]
[-0.02,0.02]
[-0.02,0.02]
[-0.02,0.02]
[-0.02,0.02]
[-0.02,0.02]
[-0.02,0.02]
[-0.02,0.02]
[-0.02,0.02]
[-0.02,0.02]
[-0.02,0.02]
[-0.02,0.02]
[-0.02,0.02]
[-0.02,0.02]
[-0.02,0.02]
[-0.02,0.02]
[-0.02,0.02]
[-0.02,0.02]
[-0.02,0.02]
[-0.02,0.02]
[0.30549019607843136,0.3454901960784314]
[0.972156862745098,1.012156862745098]
[0.7996078431372549,0.8396078431372549]
[0.05058823529411764,0.09058823529411765]
[-0.02,0.02]
[-0.02,0.02]
[-0.02,0.02]
[-0.02,0.02]
[-0.02,0.02]
[-0.02,0.02]
[-0.02,0.02]
[-0.02,0.02]
[-0.02,0.02]
[-0.02,0.02]
[-0.02,0.02]
[-0.02,0.02]
[-0.02,0.02]
[-0.02,0.02]
[-0.02,0.02]
[-0.02,0.02]
[-0.02,0.02]
[-0.02,0.02]
[-0.02,0.02]
[-0.02,0.02]
[-0.02,0.02]
[-0.02,0.02]
[-0.02,0.02]
[0.06627450980392156,0.10627450980392157]
[0.8937254901960784,0.9337254901960784]
[0.98,1.02]
[0.30549019607843136,0.3454901960784314]
[-0.02,0.02]
[-0.02,0.02]
[-0.02,0.02]
[-0.02,0.02]
[-0.02,0.02]
[-0.02,0.02]
[-0.02,0.02]
[-0.02,0.02]
[-0.02,0.02]
[-0.02,0.02]
[-0.02,0.02]
[-0.02,0.02]
[-0.02,0.02]
[-0.02,0.02]
[-0.02,0.02]
[-0.02,0.02]
[-0.02,0.02]
[-0.02,0.02]
[-0.02,0.02]
[-0.02,0.02]
[-0.02,0.02]
[-0.02,0.02]
[-0.02,0.02]
[-0.02,0.02]
[0.48588235294117643,0.5258823529411765]
[0.976078431372549,1.016078431372549]
[0.9133333333333333,0.9533333333333334]
[0.15254901960784314,0.19254901960784312]
[-0.02,0.02]
[-0.02,0.02]
[-0.02,0.02]
[-0.02,0.02]
[-0.02,0.02]
[-0.02,0.02]
[-0.02,0.02]
[-0.02,0.02]
[-0.02,0.02]
[-0.02,0.02]
[-0.02,0.02]
[-0.02,0.02]
[-0.02,0.02]
[-0.02,0.02]
[-0.02,0.02]
[-0.02,0.02]
[-0.02,0.02]
[-0.02,0.02]
[-0.02,0.02]
[-0.02,0.02]
[-0.02,0.02]
[-0.02,0.02]
[-0.02,0.02]
[0.21137254901960786,0.25137254901960787]
[0.9564705882352941,0.9964705882352941]
[0.976078431372549,1.016078431372549]
[0.2231372549019608,0.26313725490196077]
[-0.02,0.02]
[-0.02,0.02]
[-0.02,0.02]
[-0.02,0.02]
[-0.02,0.02]
[-0.02,0.02]
[-0.02,0.02]
[-0.02,0.02]
[-0.02,0.02]
[-0.02,0.02]
[-0.02,0.02]
[-0.02,0.02]
[-0.02,0.02]
[-0.02,0.02]
[-0.02,0.02]
[-0.02,0.02]
[-0.02,0.02]
[-0.02,0.02]
[-0.02,0.02]
[-0.02,0.02]
[-0.02,0.02]
[-0.02,0.02]
[-0.02,0.02]
[-0.02,0.02]
[0.5015686274509804,0.5415686274509804]
[0.976078431372549,1.016078431372549]
[0.7133333333333333,0.7533333333333333]
[-0.00039215686274509873,0.039607843137254906]
[-0.02,0.02]
[-0.02,0.02]
[-0.02,0.02]
[-0.02,0.02]
[-0.02,0.02]
[-0.02,0.02]
[-0.02,0.02]
[-0.02,0.02]
[-0.02,0.02]
[-0.02,0.02]
[-0.02,0.02]
[-0.02,0.02]
[-0.02,0.02]
[-0.02,0.02]
[-0.02,0.02]
[-0.02,0.02]
[-0.02,0.02]
[-0.02,0.02]
[-0.02,0.02]
[-0.02,0.02]
[-0.02,0.02]
[-0.02,0.02]
[-0.02,0.02]
[0.015294117647058823,0.05529411764705883]
[0.783921568627451,0.823921568627451]
[0.9525490196078431,0.9925490196078431]
[0.20745098039215687,0.24745098039215685]
[-0.02,0.02]
[-0.02,0.02]
[-0.02,0.02]
[-0.02,0.02]
[-0.02,0.02]
[-0.02,0.02]
[-0.02,0.02]
[-0.02,0.02]
[-0.02,0.02]
[-0.02,0.02]
[-0.02,0.02]
[-0.02,0.02]
[-0.02,0.02]
[-0.02,0.02]
[-0.02,0.02]
[-0.02,0.02]
[-0.02,0.02]
[-0.02,0.02]
[-0.02,0.02]
[-0.02,0.02]
[-0.02,0.02]
[-0.02,0.02]
[-0.02,0.02]
[-0.02,0.02]
[0.47411764705882353,0.5141176470588236]
[0.976078431372549,1.016078431372549]
[0.6937254901960784,0.7337254901960785]
[-0.02,0.02]
[-0.02,0.02]
[-0.02,0.02]
[-0.02,0.02]
[-0.02,0.02]
[-0.02,0.02]
[-0.02,0.02]
[-0.02,0.02]
[-0.02,0.02]
[-0.02,0.02]
[-0.02,0.02]
[-0.02,0.02]
[-0.02,0.02]
[-0.02,0.02]
[-0.02,0.02]
[-0.02,0.02]
[-0.02,0.02]
[-0.02,0.02]
[-0.02,0.02]
[-0.02,0.02]
[-0.02,0.02]
[-0.02,0.02]
[-0.02,0.02]
[-0.02,0.02]
[0.2741176470588235,0.31411764705882356]
[0.964313725490196,1.004313725490196]
[0.9211764705882353,0.9611764705882353]
[0.2035294117647059,0.24352941176470588]
[-0.02,0.02]
[-0.02,0.02]
[-0.02,0.02]
[-0.02,0.02]
[-0.02,0.02]
[-0.02,0.02]
[-0.02,0.02]
[-0.02,0.02]
[-0.02,0.02]
[-0.02,0.02]
[-0.02,0.02]
[-0.02,0.02]
[-0.02,0.02]
[-0.02,0.02]
[-0.02,0.02]
[-0.02,0.02]
[-0.02,0.02]
[-0.02,0.02]
[-0.02,0.02]
[-0.02,0.02]
[-0.02,0.02]
[-0.02,0.02]
[-0.02,0.02]
[0.05450980392156862,0.09450980392156863]
[0.8466666666666667,0.8866666666666667]
[0.976078431372549,1.016078431372549]
[0.6309803921568627,0.6709803921568628]
[-0.02,0.02]
[-0.02,0.02]
[-0.02,0.02]
[-0.02,0.02]
[-0.02,0.02]
[-0.02,0.02]
[-0.02,0.02]
[-0.02,0.02]
[-0.02,0.02]
[-0.02,0.02]
[-0.02,0.02]
[-0.02,0.02]
[-0.02,0.02]
[-0.02,0.02]
[-0.02,0.02]
[-0.02,0.02]
[-0.02,0.02]
[-0.02,0.02]
[-0.02,0.02]
[-0.02,0.02]
[-0.02,0.02]
[-0.02,0.02]
[-0.02,0.02]
[-0.00823529411764706,0.031764705882352945]
[0.776078431372549,0.816078431372549]
[0.976078431372549,1.016078431372549]
[0.8388235294117646,0.8788235294117647]
[0.11725490196078432,0.15725490196078432]
[-0.02,0.02]
[-0.02,0.02]
[-0.02,0.02]
[-0.02,0.02]
[-0.02,0.02]
[-0.02,0.02]
[-0.02,0.02]
[-0.02,0.02]
[-0.02,0.02]
[-0.02,0.02]
[-0.02,0.02]
[-0.02,0.02]
[-0.02,0.02]
[-0.02,0.02]
[-0.02,0.02]
[-0.02,0.02]
[-0.02,0.02]
[-0.02,0.02]
[-0.02,0.02]
[-0.02,0.02]
[-0.02,0.02]
[-0.02,0.02]
[-0.02,0.02]
[0.12901960784313726,0.16901960784313724]
[0.976078431372549,1.016078431372549]
[0.976078431372549,1.016078431372549]
[0.28196078431372545,0.3219607843137255]
[-0.02,0.02]
[-0.02,0.02]
[-0.02,0.02]
[-0.02,0.02]
[-0.02,0.02]
[-0.02,0.02]
[-0.02,0.02]
[-0.02,0.02]
[-0.02,0.02]
[-0.02,0.02]
[-0.02,0.02]
[-0.02,0.02]
[-0.02,0.02]
[-0.02,0.02]
[-0.02,0.02]
[-0.02,0.02]
[-0.02,0.02]
[-0.02,0.02]
[-0.02,0.02]
[-0.02,0.02]
[-0.02,0.02]
[-0.02,0.02]
[-0.02,0.02]
[0.10156862745098039,0.1415686274509804]
[0.8584313725490196,0.8984313725490196]
[0.976078431372549,1.016078431372549]
[0.43098039215686273,0.47098039215686277]
[-0.01607843137254902,0.02392156862745098]
[-0.02,0.02]
[-0.02,0.02]
[-0.02,0.02]
[-0.02,0.02]
[-0.02,0.02]
[-0.02,0.02]
[-0.02,0.02]
[-0.02,0.02]
[-0.02,0.02]
[-0.02,0.02]
[-0.02,0.02]
[-0.02,0.02]
[-0.02,0.02]
[-0.02,0.02]
[-0.02,0.02]
[-0.02,0.02]
[-0.02,0.02]
[-0.02,0.02]
[-0.02,0.02]
[-0.02,0.02]
[-0.02,0.02]
[-0.02,0.02]
[-0.02,0.02]
[0.5015686274509804,0.5415686274509804]
[0.976078431372549,1.016078431372549]
[0.976078431372549,1.016078431372549]
[0.183921568627451,0.22392156862745097]
[-0.02,0.02]
[-0.02,0.02]
[-0.02,0.02]
[-0.02,0.02]
[-0.02,0.02]
[-0.02,0.02]
[-0.02,0.02]
[-0.02,0.02]
[-0.02,0.02]
[-0.02,0.02]
[-0.02,0.02]
[-0.02,0.02]
[-0.02,0.02]
[-0.02,0.02]
[-0.02,0.02]
[-0.02,0.02]
[-0.02,0.02]
[-0.02,0.02]
[-0.02,0.02]
[-0.02,0.02]
[-0.02,0.02]
[-0.02,0.02]
[-0.02,0.02]
[0.21921568627450982,0.2592156862745098]
[0.9290196078431372,0.9690196078431372]
[0.976078431372549,1.016078431372549]
[0.976078431372549,1.016078431372549]
[0.183921568627451,0.22392156862745097]
[-0.02,0.02]
[-0.02,0.02]
[-0.02,0.02]
[-0.02,0.02]
[-0.02,0.02]
[-0.02,0.02]
[-0.02,0.02]
[-0.02,0.02]
[-0.02,0.02]
[-0.02,0.02]
[-0.02,0.02]
[-0.02,0.02]
[-0.02,0.02]
[-0.02,0.02]
[-0.02,0.02]
[-0.02,0.02]
[-0.02,0.02]
[-0.02,0.02]
[-0.02,0.02]
[-0.02,0.02]
[-0.02,0.02]
[-0.02,0.02]
[-0.02,0.02]
[0.4545098039215686,0.4945098039215686]
[0.976078431372549,1.016078431372549]
[0.976078431372549,1.016078431372549]
[0.8388235294117646,0.8788235294117647]
[0.13686274509803922,0.1768627450980392]
[-0.02,0.02]
[-0.02,0.02]
[-0.02,0.02]
[-0.02,0.02]
[-0.02,0.02]
[-0.02,0.02]
[-0.02,0.02]
[-0.02,0.02]
[-0.02,0.02]
[-0.02,0.02]
[-0.02,0.02]
[-0.02,0.02]
[-0.02,0.02]
[-0.02,0.02]
[-0.02,0.02]
[-0.02,0.02]
[-0.02,0.02]
[-0.02,0.02]
[-0.02,0.02]
[-0.02,0.02]
[-0.02,0.02]
[-0.02,0.02]
[-0.02,0.02]
[0.4545098039215686,0.4945098039215686]
[0.976078431372549,1.016078431372549]
[0.7917647058823529,0.831764705882353]
[0.05058823529411764,0.09058823529411765]
[-0.02,0.02]
[-0.02,0.02]
[-0.02,0.02]
[-0.02,0.02]
[-0.02,0.02]
[-0.02,0.02]
[-0.02,0.02]
[-0.02,0.02]
[-0.02,0.02]
[-0.02,0.02]
[-0.02,0.02]
[-0.02,0.02]
[-0.02,0.02]
[-0.02,0.02]
[-0.02,0.02]
[-0.02,0.02]
[-0.02,0.02]
[-0.02,0.02]
[-0.02,0.02]
[-0.02,0.02]
[-0.02,0.02]
[-0.02,0.02]
[-0.02,0.02]
[-0.02,0.02]
[-0.02,0.02]
[-0.02,0.02]
[-0.02,0.02]
[-0.02,0.02]
[-0.02,0.02]
[-0.02,0.02]
[-0.02,0.02]
[-0.02,0.02]
[-0.02,0.02]
[-0.02,0.02]
[-0.02,0.02]
[-0.02,0.02]
[-0.02,0.02]
[-0.02,0.02]
[-0.02,0.02]
[-0.02,0.02]
[-0.02,0.02]
[-0.02,0.02]
