[0.0,0.0]
[0.0,0.0]
[0.0,0.0]
[0.0,0.0]
[0.0,0.0]
[0.0,0.0]
[0.0,0.0]
[0.0,0.0]
[0.0,0.0]
[0.0,0.0]
[0.0,0.0]
[0.0,0.0]
[0.0,0.0]
[0.0,0.0]
[0.0,0.0]
[0.0,0.0]
[0.0,0.0]
[0.0,0.0]
[0.0,0.0]
[0.0,0.0]
[0.0,0.0]
[0.0,0.0]
[0.0,0.0]
[0.0,0.0]
[0.0,0.0]
[0.0,0.0]
[0.0,0.0]
[0.0,0.0]
[0.0,0.0]
[0.0,0.0]
[0.0,0.0]
[0.0,0.0]
[0.0,0.0]
[0.0,0.0]
[0.0,0.0]
[0.0,0.0]
[0.0,0.0]
[0.0,0.0]
[0.0,0.0]
[0.0,0.0]
[0.0,0.0]
[0.0,0.0]
[0.0,0.0]
[0.0,0.0]
[0.0,0.0]
[0.0,0.0]
[0.0,0.0]
[0.0,0.0]
[0.0,0.0]
[0.0,0.0]
[0.0,0.0]
[0.0,0.0]
[0.0,0.0]
[0.0,0.0]
[0.0,0.0]
[0.0,0.0]
[0.0,0.0]
[0.0,0.0]
[0.0,0.0]
[0.0,0.0]
[0.0,0.0]
[0.0,0.0]
[0.0,0.0]
[0.0,0.0]
[0.0,0.0]
[0.0,0.0]
[0.0,0.0]
[0.0,0.0]
[0.0,0.0]
[0.0,0.0]
[0.0,0.0]
[0.0,0.0]
[0.0,0.0]
[0.0,0.0]
[0.0,0.0]
[0.0,0.0]
[0.0,0.0]
[0.0,0.0]
[0.0,0.0]
[0.0,0.0]
[0.0,0.0]
[0.0,0.0]
[0.0,0.0]
[0.0,0.0]
[0.0,0.0]
[0.0,0.0]
[0.0,0.0]
[0.0,0.0]
[0.0,0.0]
[0.0,0.0]
[0.0,0.0]
[0.0,0.0]
[0.0,0.0]
[0.0,0.0]
[0.4549019607843137,0.4549019607843137]
[0.49019607843137253,0.49019607843137253]
[0.6705882352941176,0.6705882352941176]
[1.0,1.0]
[1.0,1.0]
[0.5882352941176471,0.5882352941176471]
[0.36470588235294116,0.36470588235294116]
[0.0,0.0]
[0.0,0.0]
[0.0,0.0]
[0.0,0.0]
[0.0,0.0]
[0.0,0.0]
[0.0,0.0]
[0.0,0.0]
[0.0,0.0]
[0.0,0.0]
[0.0,0.0]
[0.0,0.0]
[0.0,0.0]
[0.0,0.0]
[0.0,0.0]
[0.0,0.0]
[0.0,0.0]
[0.0,0.0]
[0.0,0.0]
[0.0,0.0]
[0.6627450980392157,0.6627450980392157]
[0.9921568627450981,0.9921568627450981]
[0.9921568627450981,0.9921568627450981]
[0.9921568627450981,0.9921568627450981]
[0.9921568627450981,0.9921568627450981]
[0.9921568627450981,0.9921568627450981]
[0.9921568627450981,0.9921568627450981]
[0.8549019607843137,0.8549019607843137]
[0.11764705882352941,0.11764705882352941]
[0.0,0.0]
[0.0,0.0]
[0.0,0.0]
[0.0,0.0]
[0.0,0.0]
[0.0,0.0]
[0.0,0.0]
[0.0,0.0]
[0.0,0.0]
[0.0,0.0]
[0.0,0.0]
[0.0,0.0]
[0.0,0.0]
[0.0,0.0]
[0.0,0.0]
[0.0,0.0]
[0.0,0.0]
[0.0,0.0]
[0.6627450980392157,0.6627450980392157]
[0.9921568627450981,0.9921568627450981]
[0.9921568627450981,0.9921568627450981]
[0.9921568627450981,0.9921568627450981]
[0.8352941176470589,0.8352941176470589]
[0.5568627450980392,0.5568627450980392]
[0.6901960784313725,0.6901960784313725]
[0.9921568627450981,0.9921568627450981]
[0.9921568627450981,0.9921568627450981]
[0.47843137254901963,0.47843137254901963]
[0.0,0.0]
[0.0,0.0]
[0.0,0.0]
[0.0,0.0]
[0.0,0.0]
[0.0,0.0]
[0.0,0.0]
[0.0,0.0]
[0.0,0.0]
[0.0,0.0]
[0.0,0.0]
[0.0,0.0]
[0.0,0.0]
[0.0,0.0]
[0.0,0.0]
[0.0,0.0]
[0.0,0.0]
[0.20392156862745098,0.20392156862745098]
[0.9803921568627451,0.9803921568627451]
[0.9921568627450981,0.9921568627450981]
[0.8235294117647058,0.8235294117647058]
[0.12549019607843137,0.12549019607843137]
[0.047058823529411764,0.047058823529411764]
[0.0,0.0]
[0.023529411764705882,0.023529411764705882]
[0.807843137254902,0.807843137254902]
[0.9921568627450981,0.9921568627450981]
[0.5490196078431373,0.5490196078431373]
[0.0,0.0]
[0.0,0.0]
[0.0,0.0]
[0.0,0.0]
[0.0,0.0]
[0.0,0.0]
[0.0,0.0]
[0.0,0.0]
[0.0,0.0]
[0.0,0.0]
[0.0,0.0]
[0.0,0.0]
[0.0,0.0]
[0.0,0.0]
[0.0,0.0]
[0.0,0.0]
[0.0,0.0]
[0.30196078431372547,0.30196078431372547]
[0.984313725490196,0.984313725490196]
[0.8235294117647058,0.8235294117647058]
[0.09803921568627451,0.09803921568627451]
[0.0,0.0]
[0.0,0.0]
[0.0,0.0]
[0.47843137254901963,0.47843137254901963]
[0.9725490196078431,0.9725490196078431]
[0.9921568627450981,0.9921568627450981]
[0.2549019607843137,0.2549019607843137]
[0.0,0.0]
[0.0,0.0]
[0.0,0.0]
[0.0,0.0]
[0.0,0.0]
[0.0,0.0]
[0.0,0.0]
[0.0,0.0]
[0.0,0.0]
[0.0,0.0]
[0.0,0.0]
[0.0,0.0]
[0.0,0.0]
[0.0,0.0]
[0.0,0.0]
[0.0,0.0]
[0.0,0.0]
[0.0,0.0]
[0.12156862745098039,0.12156862745098039]
[0.07058823529411765,0.07058823529411765]
[0.0,0.0]
[0.0,0.0]
[0.0,0.0]
[0.0,0.0]
[0.8196078431372549,0.8196078431372549]
[0.9921568627450981,0.9921568627450981]
[0.9921568627450981,0.9921568627450981]
[0.2549019607843137,0.2549019607843137]
[0.0,0.0]
[0.0,0.0]
[0.0,0.0]
[0.0,0.0]
[0.0,0.0]
[0.0,0.0]
[0.0,0.0]
[0.0,0.0]
[0.0,0.0]
[0.0,0.0]
[0.0,0.0]
[0.0,0.0]
[0.0,0.0]
[0.0,0.0]
[0.0,0.0]
[0.0,0.0]
[0.0,0.0]
[0.0,0.0]
[0.0,0.0]
[0.0,0.0]
[0.0,0.0]
[0.0,0.0]
[0.0,0.0]
[0.4588235294117647,0.4588235294117647]
[0.9686274509803922,0.9686274509803922]
[0.9921568627450981,0.9921568627450981]
[0.7764705882352941,0.7764705882352941]
[0.0392156862745098,0.0392156862745098]
[0.0,0.0]
[0.0,0.0]
[0.0,0.0]
[0.0,0.0]
[0.0,0.0]
[0.0,0.0]
[0.0,0.0]
[0.0,0.0]
[0.0,0.0]
[0.0,0.0]
[0.0,0.0]
[0.0,0.0]
[0.0,0.0]
[0.0,0.0]
[0.0,0.0]
[0.0,0.0]
[0.0,0.0]
[0.0,0.0]
[0.0,0.0]
[0.0,0.0]
[0.0,0.0]
[0.0,0.0]
[0.2980392156862745,0.2980392156862745]
[0.9686274509803922,0.9686274509803922]
[0.9921568627450981,0.9921568627450981]
[0.9058823529411765,0.9058823529411765]
[0.24705882352941178,0.24705882352941178]
[0.0,0.0]
[0.0,0.0]
[0.0,0.0]
[0.0,0.0]
[0.0,0.0]
[0.0,0.0]
[0.0,0.0]
[0.0,0.0]
[0.0,0.0]
[0.0,0.0]
[0.0,0.0]
[0.0,0.0]
[0.0,0.0]
[0.0,0.0]
[0.0,0.0]
[0.0,0.0]
[0.0,0.0]
[0.0,0.0]
[0.0,0.0]
[0.0,0.0]
[0.0,0.0]
[0.0,0.0]
[0.0,0.0]
[0.5019607843137255,0.5019607843137255]
[0.9921568627450981,0.9921568627450981]
[0.9921568627450981,0.9921568627450981]
[0.5647058823529412,0.5647058823529412]
[0.0,0.0]
[0.0,0.0]
[0.0,0.0]
[0.0,0.0]
[0.0,0.0]
[0.0,0.0]
[0.0,0.0]
[0.0,0.0]
[0.0,0.0]
[0.0,0.0]
[0.0,0.0]
[0.0,0.0]
[0.0,0.0]
[0.0,0.0]
[0.0,0.0]
[0.0,0.0]
[0.0,0.0]
[0.0,0.0]
[0.0,0.0]
[0.0,0.0]
[0.0,0.0]
[0.0,0.0]
[0.0,0.0]
[0.6901960784313725,0.6901960784313725]
[0.9647058823529412,0.9647058823529412]
[0.9921568627450981,0.9921568627450981]
[0.6235294117647059,0.6235294117647059]
[0.047058823529411764,0.047058823529411764]
[0.0,0.0]
[0.0,0.0]
[0.0,0.0]
[0.0,0.0]
[0.0,0.0]
[0.0,0.0]
[0.0,0.0]
[0.0,0.0]
[0.0,0.0]
[0.0,0.0]
[0.0,0.0]
[0.0,0.0]
[0.0,0.0]
[0.0,0.0]
[0.0,0.0]
[0.0,0.0]
[0.0,0.0]
[0.0,0.0]
[0.0,0.0]
[0.0,0.0]
[0.0,0.0]
[0.0,0.0]
[0.09803921568627451,0.09803921568627451]
[0.9176470588235294,0.9176470588235294]
[0.9921568627450981,0.9921568627450981]
[0.9137254901960784,0.9137254901960784]
[0.13725490196078433,0.13725490196078433]
[0.0,0.0]
[0.0,0.0]
[0.0,0.0]
[0.0,0.0]
[0.0,0.0]
[0.0,0.0]
[0.0,0.0]
[0.0,0.0]
[0.0,0.0]
[0.0,0.0]
[0.0,0.0]
[0.0,0.0]
[0.0,0.0]
[0.0,0.0]
[0.0,0.0]
[0.0,0.0]
[0.0,0.0]
[0.0,0.0]
[0.0,0.0]
[0.0,0.0]
[0.0,0.0]
[0.0,0.0]
[0.0,0.0]
[0.7764705882352941,0.7764705882352941]
[0.9921568627450981,0.9921568627450981]
[0.9921568627450981,0.9921568627450981]
[0.5529411764705883,0.5529411764705883]
[0.0,0.0]
[0.0,0.0]
[0.0,0.0]
[0.0,0.0]
[0.0,0.0]
[0.0,0.0]
[0.0,0.0]
[0.0,0.0]
[0.0,0.0]
[0.0,0.0]
[0.0,0.0]
[0.0,0.0]
[0.0,0.0]
[0.0,0.0]
[0.0,0.0]
[0.0,0.0]
[0.0,0.0]
[0.0,0.0]
[0.0,0.0]
[0.0,0.0]
[0.0,0.0]
[0.0,0.0]
[0.0,0.0]
[0.3058823529411765,0.3058823529411765]
[0.9725490196078431,0.9725490196078431]
[0.9921568627450981,0.9921568627450981]
[0.7411764705882353,0.7411764705882353]
[0.047058823529411764,0.047058823529411764]
[0.0,0.0]
[0.0,0.0]
[0.0,0.0]
[0.0,0.0]
[0.0,0.0]
[0.0,0.0]
[0.0,0.0]
[0.0,0.0]
[0.0,0.0]
[0.0,0.0]
[0.0,0.0]
[0.0,0.0]
[0.0,0.0]
[0.0,0.0]
[0.0,0.0]
[0.0,0.0]
[0.0,0.0]
[0.0,0.0]
[0.0,0.0]
[0.0,0.0]
[0.0,0.0]
[0.0,0.0]
[0.07450980392156863,0.07450980392156863]
[0.7843137254901961,0.7843137254901961]
[0.9921568627450981,0.9921568627450981]
[0.9921568627450981,0.9921568627450981]
[0.5529411764705883,0.5529411764705883]
[0.0,0.0]
[0.0,0.0]
[0.0,0.0]
[0.0,0.0]
[0.0,0.0]
[0.0,0.0]
[0.0,0.0]
[0.0,0.0]
[0.0,0.0]
[0.0,0.0]
[0.0,0.0]
[0.0,0.0]
[0.0,0.0]
[0.0,0.0]
[0.0,0.0]
[0.0,0.0]
[0.0,0.0]
[0.0,0.0]
[0.0,0.0]
[0.0,0.0]
[0.0,0.0]
[0.0,0.0]
[0.0,0.0]
[0.5254901960784314,0.5254901960784314]
[0.9921568627450981,0.9921568627450981]
[0.9921568627450981,0.9921568627450981]
[0.6784313725490196,0.6784313725490196]
[0.047058823529411764,0.047058823529411764]
[0.0,0.0]
[0.0,0.0]
[0.0,0.0]
[0.0,0.0]
[0.0,0.0]
[0.0,0.0]
[0.0,0.0]
[0.0,0.0]
[0.0,0.0]
[0.0,0.0]
[0.0,0.0]
[0.0,0.0]
[0.0,0.0]
[0.0,0.0]
[0.0,0.0]
[0.0,0.0]
[0.0,0.0]
[0.0,0.0]
[0.0,0.0]
[0.0,0.0]
[0.0,0.0]
[0.0,0.0]
[0.0,0.0]
[0.9725490196078431,0.9725490196078431]
[0.9921568627450981,0.9921568627450981]
[0.9921568627450981,0.9921568627450981]
[0.09803921568627451,0.09803921568627451]
[0.0,0.0]
[0.0,0.0]
[0.0,0.0]
[0.0,0.0]
[0.0,0.0]
[0.0,0.0]
[0.0,0.0]
[0.0,0.0]
[0.0,0.0]
[0.0,0.0]
[0.0,0.0]
[0.0,0.0]
[0.0,0.0]
[0.0,0.0]
[0.0,0.0]
[0.0,0.0]
[0.0,0.0]
[0.0,0.0]
[0.0,0.0]
[0.0,0.0]
[0.0,0.0]
[0.0,0.0]
[0.0,0.0]
[0.0,0.0]
[0.9725490196078431,0.9725490196078431]
[0.9921568627450981,0.9921568627450981]
[0.9921568627450981,0.9921568627450981]
[0.16862745098039217,0.16862745098039217]
[0.0784313725490196,0.0784313725490196]
[0.0784313725490196,0.0784313725490196]
[0.0784313725490196,0.0784313725490196]
[0.0784313725490196,0.0784313725490196]
[0.0196078431372549,0.0196078431372549]
[0.0,0.0]
[0.0196078431372549,0.0196078431372549]
[0.0784313725490196,0.0784313725490196]
[0.0784313725490196,0.0784313725490196]
[0.1450980392156863,0.1450980392156863]
[0.5882352941176471,0.5882352941176471]
[0.5882352941176471,0.5882352941176471]
[0.5882352941176471,0.5882352941176471]
[0.5764705882352941,0.5764705882352941]
[0.0392156862745098,0.0392156862745098]
[0.0,0.0]
[0.0,0.0]
[0.0,0.0]
[0.0,0.0]
[0.0,0.0]
[0.0,0.0]
[0.0,0.0]
[0.0,0.0]
[0.0,0.0]
[0.9725490196078431,0.9725490196078431]
[0.9921568627450981,0.9921568627450981]
[0.9921568627450981,0.9921568627450981]
[0.9921568627450981,0.9921568627450981]
[0.9921568627450981,0.9921568627450981]
[0.9921568627450981,0.9921568627450981]
[0.9921568627450981,0.9921568627450981]
[0.9921568627450981,0.9921568627450981]
[0.6588235294117647,0.6588235294117647]
[0.5607843137254902,0.5607843137254902]
[0.6509803921568628,0.6509803921568628]
[0.9921568627450981,0.9921568627450981]
[0.9921568627450981,0.9921568627450981]
[0.9921568627450981,0.9921568627450981]
[0.9921568627450981,0.9921568627450981]
[0.9921568627450981,0.9921568627450981]
[0.9921568627450981,0.9921568627450981]
[0.9921568627450981,0.9921568627450981]
[0.4823529411764706,0.4823529411764706]
[0.0,0.0]
[0.0,0.0]
[0.0,0.0]
[0.0,0.0]
[0.0,0.0]
[0.0,0.0]
[0.0,0.0]
[0.0,0.0]
[0.0,0.0]
[0.6823529411764706,0.6823529411764706]
[0.9921568627450981,0.9921568627450981]
[0.9921568627450981,0.9921568627450981]
[0.9921568627450981,0.9921568627450981]
[0.9921568627450981,0.9921568627450981]
[0.9921568627450981,0.9921568627450981]
[0.9921568627450981,0.9921568627450981]
[0.9921568627450981,0.9921568627450981]
[0.9921568627450981,0.9921568627450981]
[0.9921568627450981,0.9921568627450981]
[0.9921568627450981,0.9921568627450981]
[0.9921568627450981,0.9921568627450981]
[0.9764705882352941,0.9764705882352941]
[0.9686274509803922,0.9686274509803922]
[0.9686274509803922,0.9686274509803922]
[0.6627450980392157,0.6627450980392157]
[0.4588235294117647,0.4588235294117647]
[0.4588235294117647,0.4588235294117647]
[0.2235294117647059,0.2235294117647059]
[0.0,0.0]
[0.0,0.0]
[0.0,0.0]
[0.0,0.0]
[0.0,0.0]
[0.0,0.0]
[0.0,0.0]
[0.0,0.0]
[0.0,0.0]
[0.0,0.0]
[0.4627450980392157,0.4627450980392157]
[0.4823529411764706,0.4823529411764706]
[0.4823529411764706,0.4823529411764706]
[0.4823529411764706,0.4823529411764706]
[0.6509803921568628,0.6509803921568628]
[0.9921568627450981,0.9921568627450981]
[0.9921568627450981,0.9921568627450981]
[0.9921568627450981,0.9921568627450981]
[0.6078431372549019,0.6078431372549019]
[0.4823529411764706,0.4823529411764706]
[0.4823529411764706,0.4823529411764706]
[0.1607843137254902,0.1607843137254902]
[0.0,0.0]
[0.0,0.0]
[0.0,0.0]
[0.0,0.0]
[0.0,0.0]
[0.0,0.0]
[0.0,0.0]
[0.0,0.0]
[0.0,0.0]
[0.0,0.0]
[0.0,0.0]
[0.0,0.0]
[0.0,0.0]
[0.0,0.0]
[0.0,0.0]
[0.0,0.0]
[0.0,0.0]
[0.0,0.0]
[0.0,0.0]
[0.0,0.0]
[0.0,0.0]
[0.0,0.0]
[0.0,0.0]
[0.0,0.0]
[0.0,0.0]
[0.0,0.0]
[0.0,0.0]
[0.0,0.0]
[0.0,0.0]
[0.0,0.0]
[0.0,0.0]
[0.0,0.0]
[0.0,0.0]
[0.0,0.0]
[0.0,0.0]
[0.0,0.0]
[0.0,0.0]
[0.0,0.0]
[0.0,0.0]
[0.0,0.0]
[0.0,0.0]
[0.0,0.0]
[0.0,0.0]
[0.0,0.0]
[0.0,0.0]
[0.0,0.0]
[0.0,0.0]
[0.0,0.0]
[0.0,0.0]
[0.0,0.0]
[0.0,0.0]
[0.0,0.0]
[0.0,0.0]
[0.0,0.0]
[0.0,0.0]
[0.0,0.0]
[0.0,0.0]
[0.0,0.0]
[0.0,0.0]
[0.0,0.0]
[0.0,0.0]
[0.0,0.0]
[0.0,0.0]
[0.0,0.0]
[0.0,0.0]
[0.0,0.0]
[0.0,0.0]
[0.0,0.0]
[0.0,0.0]
[0.0,0.0]
[0.0,0.0]
[0.0,0.0]
[0.0,0.0]
[0.0,0.0]
[0.0,0.0]
[0.0,0.0]
[0.0,0.0]
[0.0,0.0]
[0.0,0.0]
[0.0,0.0]
[0.0,0.0]
[0.0,0.0]
[0.0,0.0]
[0.0,0.0]
[0.0,0.0]
[0.0,0.0]
[0.0,0.0]
[0.0,0.0]
[0.0,0.0]
[0.0,0.0]
[0.0,0.0]
[0.0,0.0]
[0.0,0.0]
[0.0,0.0]
[0.0,0.0]
[0.0,0.0]
[0.0,0.0]
[0.0,0.0]
[0.0,0.0]
[0.0,0.0]
[0.0,0.0]
[0.0,0.0]
[0.0,0.0]
[0.0,0.0]
[0.0,0.0]
[0.0,0.0]
[0.0,0.0]
[0.0,0.0]
[0.0,0.0]
[0.0,0.0]
[0.0,0.0]
[0.0,0.0]
[0.0,0.0]
[0.0,0.0]
[0.0,0.0]
[0.0,0.0]
[0.0,0.0]
[0.0,0.0]
[0.0,0.0]
[0.0,0.0]
[0.0,0.0]
[0.0,0.0]
[0.0,0.0]
[0.0,0.0]
[0.0,0.0]
[0.0,0.0]
[0.0,0.0]
[0.0,0.0]
[0.0,0.0]
[0.0,0.0]
[0.0,0.0]
[0.0,0.0]
[0.0,0.0]
[0.0,0.0]
[0.0,0.0]
[0.0,0.0]
[0.0,0.0]
[0.0,0.0]
[0.0,0.0]
[0.0,0.0]
[0.0,0.0]
[0.0,0.0]
[0.0,0.0]
[0.0,0.0]
[0.0,0.0]
[0.0,0.0]
[0.0,0.0]
[-0.02,0.02]
[-0.02,0.02]
[-0.02,0.02]
[-0.02,0.02]
[-0.02,0.02]
[-0.02,0.02]
[-0.02,0.02]
[-0.02,0.02]
[-0.02,0.02]
[-0.02,0.02]
[-0.02,0.02]
[-0.02,0.02]
[-0.02,0.02]
[-0.02,0.02]
[-0.02,0.02]
[-0.02,0.02]
[-0.02,0.02]
[-0.02,0.02]
[-0.02,0.02]
[-0.02,0.02]
[-0.02,0.02]
[-0.02,0.02]
[-0.02,0.02]
[-0.02,0.02]
[-0.02,0.02]
[-0.02,0.02]
[-0.02,0.02]
[-0.02,0.02]
[-0.02,0.02]
[-0.02,0.02]
[-0.02,0.02]
[-0.02,0.02]
[-0.02,0.02]
[-0.02,0.02]
[-0.02,0.02]
[-0.02,0.02]
[-0.02,0.02]
[-0.02,0.02]
[-0.02,0.02]
[-0.02,0.02]
[-0.02,0.02]
[-0.02,0.02]
[-0.02,0.02]
[-0.02,0.02]
[-0.02,0.02]
[-0.02,0.02]
[-0.02,0.02]
[-0.02,0.02]
[-0.02,0.02]
[-0.02,0.02]
[-0.02,0.02]
[-0.02,0.02]
[-0.02,0.02]
[-0.02,0.02]
[-0.02,0.02]
[-0.02,0.02]
[-0.02,0.02]
[-0.02,0.02]
[-0.02,0.02]
[-0.02,0.02]
[-0.02,0.02]
[-0.02,0.02]
[-0.02,0.02]
[-0.02,0.02]
[-0.02,0.02]
[-0.02,0.02]
[-0.02,0.02]
[-0.02,0.02]
[-0.02,0.02]
[-0.02,0.02]
[-0.02,0.02]
[-0.02,0.02]
[-0.02,0.02]
[-0.02,0.02]
[-0.02,0.02]
[-0.02,0.02]
[-0.02,0.02]
[-0.02,0.02]
[-0.02,0.02]
[-0.02,0.02]
[-0.02,0.02]
[-0.02,0.02]
[-0.02,0.02]
[-0.02,0.02]
[-0.02,0.02]
[-0.02,0.02]
[-0.02,0.02]
[-0.02,0.02]
[-0.02,0.02]
[-0.02,0.02]
[-0.02,0.02]
[-0.02,0.02]
[-0.02,0.02]
[-0.02,0.02]
[0.4349019607843137,0.47490196078431374]
[0.4701960784313725,0.5101960784313725]
[0.6505882352941176,0.6905882352941176]
[0.98,1.02]
[0.98,1.02]
[0.5682352941176471,0.6082352941176471]
[0.34470588235294114,0.3847058823529412]
[-0.02,0.02]
[-0.02,0.02]
[-0.02,0.02]
[-0.02,0.02]
[-0.02,0.02]
[-0.02,0.02]
[-0.02,0.02]
[-0.02,0.02]
[-0.02,0.02]
[-0.02,0.02]
[-0.02,0.02]
[-0.02,0.02]
[-0.02,0.02]
[-0.02,0.02]
[-0.02,0.02]
[-0.02,0.02]
[-0.02,0.02]
[-0.02,0.02]
[-0.02,0.02]
[-0.02,0.02]
[0.6427450980392156,0.6827450980392157]
[0.972156862745098,1.012156862745098]
[0.972156862745098,1.012156862745098]
[0.972156862745098,1.012156862745098]
[0.972156862745098,1.012156862745098]
[0.972156862745098,1.012156862745098]
[0.972156862745098,1.012156862745098]
[0.8349019607843137,0.8749019607843137]
[0.0976470588235294,0.1376470588235294]
[-0.02,0.02]
[-0.02,0.02]
[-0.02,0.02]
[-0.02,0.02]
[-0.02,0.02]
[-0.02,0.02]
[-0.02,0.02]
[-0.02,0.02]
[-0.02,0.02]
[-0.02,0.02]
[-0.02,0.02]
[-0.02,0.02]
[-0.02,0.02]
[-0.02,0.02]
[-0.02,0.02]
[-0.02,0.02]
[-0.02,0.02]
[-0.02,0.02]
[0.6427450980392156,0.6827450980392157]
[0.972156862745098,1.012156862745098]
[0.972156862745098,1.012156862745098]
[0.972156862745098,1.012156862745098]
[0.8152941176470588,0.8552941176470589]
[0.5368627450980392,0.5768627450980393]
[0.6701960784313725,0.7101960784313726]
[0.972156862745098,1.012156862745098]
[0.972156862745098,1.012156862745098]
[0.4584313725490196,0.49843137254901965]
[-0.02,0.02]
[-0.02,0.02]
[-0.02,0.02]
[-0.02,0.02]
[-0.02,0.02]
[-0.02,0.02]
[-0.02,0.02]
[-0.02,0.02]
[-0.02,0.02]
[-0.02,0.02]
[-0.02,0.02]
[-0.02,0.02]
[-0.02,0.02]
[-0.02,0.02]
[-0.02,0.02]
[-0.02,0.02]
[-0.02,0.02]
[0.183921568627451,0.22392156862745097]
[0.960392156862745,1.000392156862745]
[0.972156862745098,1.012156862745098]
[0.8035294117647058,0.8435294117647059]
[0.10549019607843137,0.14549019607843136]
[0.027058823529411764,0.06705882352941177]
[-0.02,0.02]
[0.0035294117647058816,0.043529411764705886]
[0.787843137254902,0.827843137254902]
[0.972156862745098,1.012156862745098]
[0.5290196078431373,0.5690196078431373]
[-0.02,0.02]
[-0.02,0.02]
[-0.02,0.02]
[-0.02,0.02]
[-0.02,0.02]
[-0.02,0.02]
[-0.02,0.02]
[-0.02,0.02]
[-0.02,0.02]
[-0.02,0.02]
[-0.02,0.02]
[-0.02,0.02]
[-0.02,0.02]
[-0.02,0.02]
[-0.02,0.02]
[-0.02,0.02]
[-0.02,0.02]
[0.28196078431372545,0.3219607843137255]
[0.964313725490196,1.004313725490196]
[0.8035294117647058,0.8435294117647059]
[0.0780392156862745,0.11803921568627451]
[-0.02,0.02]
[-0.02,0.02]
[-0.02,0.02]
[0.4584313725490196,0.49843137254901965]
[0.9525490196078431,0.9925490196078431]
[0.972156862745098,1.012156862745098]
[0.23490196078431372,0.2749019607843137]
[-0.02,0.02]
[-0.02,0.02]
[-0.02,0.02]
[-0.02,0.02]
[-0.02,0.02]
[-0.02,0.02]
[-0.02,0.02]
[-0.02,0.02]
[-0.02,0.02]
[-0.02,0.02]
[-0.02,0.02]
[-0.02,0.02]
[-0.02,0.02]
[-0.02,0.02]
[-0.02,0.02]
[-0.02,0.02]
[-0.02,0.02]
[-0.02,0.02]
[0.10156862745098039,0.1415686274509804]
[0.05058823529411764,0.09058823529411765]
[-0.02,0.02]
[-0.02,0.02]
[-0.02,0.02]
[-0.02,0.02]
[0.7996078431372549,0.8396078431372549]
[0.972156862745098,1.012156862745098]
[0.972156862745098,1.012156862745098]
[0.23490196078431372,0.2749019607843137]
[-0.02,0.02]
[-0.02,0.02]
[-0.02,0.02]
[-0.02,0.02]
[-0.02,0.02]
[-0.02,0.02]
[-0.02,0.02]
[-0.02,0.02]
[-0.02,0.02]
[-0.02,0.02]
[-0.02,0.02]
[-0.02,0.02]
[-0.02,0.02]
[-0.02,0.02]
[-0.02,0.02]
[-0.02,0.02]
[-0.02,0.02]
[-0.02,0.02]
[-0.02,0.02]
[-0.02,0.02]
[-0.02,0.02]
[-0.02,0.02]
[-0.02,0.02]
[0.43882352941176467,0.4788235294117647]
[0.9486274509803921,0.9886274509803922]
[0.972156862745098,1.012156862745098]
[0.7564705882352941,0.7964705882352942]
[0.019215686274509803,0.05921568627450981]
[-0.02,0.02]
[-0.02,0.02]
[-0.02,0.02]
[-0.02,0.02]
[-0.02,0.02]
[-0.02,0.02]
[-0.02,0.02]
[-0.02,0.02]
[-0.02,0.02]
[-0.02,0.02]
[-0.02,0.02]
[-0.02,0.02]
[-0.02,0.02]
[-0.02,0.02]
[-0.02,0.02]
[-0.02,0.02]
[-0.02,0.02]
[-0.02,0.02]
[-0.02,0.02]
[-0.02,0.02]
[-0.02,0.02]
[-0.02,0.02]
[0.2780392156862745,0.3180392156862745]
[0.9486274509803921,0.9886274509803922]
[0.972156862745098,1.012156862745098]
[0.8858823529411765,0.9258823529411765]
[0.22705882352941179,0.2670588235294118]
[-0.02,0.02]
[-0.02,0.02]
[-0.02,0.02]
[-0.02,0.02]
[-0.02,0.02]
[-0.02,0.02]
[-0.02,0.02]
[-0.02,0.02]
[-0.02,0.02]
[-0.02,0.02]
[-0.02,0.02]
[-0.02,0.02]
[-0.02,0.02]
[-0.02,0.02]
[-0.02,0.02]
[-0.02,0.02]
[-0.02,0.02]
[-0.02,0.02]
[-0.02,0.02]
[-0.02,0.02]
[-0.02,0.02]
[-0.02,0.02]
[-0.02,0.02]
[0.48196078431372547,0.5219607843137255]
[0.972156862745098,1.012156862745098]
[0.972156862745098,1.012156862745098]
[0.5447058823529412,0.5847058823529412]
[-0.02,0.02]
[-0.02,0.02]
[-0.02,0.02]
[-0.02,0.02]
[-0.02,0.02]
[-0.02,0.02]
[-0.02,0.02]
[-0.02,0.02]
[-0.02,0.02]
[-0.02,0.02]
[-0.02,0.02]
[-0.02,0.02]
[-0.02,0.02]
[-0.02,0.02]
[-0.02,0.02]
[-0.02,0.02]
[-0.02,0.02]
[-0.02,0.02]
[-0.02,0.02]
[-0.02,0.02]
[-0.02,0.02]
[-0.02,0.02]
[-0.02,0.02]
[0.6701960784313725,0.7101960784313726]
[0.9447058823529412,0.9847058823529412]
[0.972156862745098,1.012156862745098]
[0.6035294117647059,0.6435294117647059]
[0.027058823529411764,0.06705882352941177]
[-0.02,0.02]
[-0.02,0.02]
[-0.02,0.02]
[-0.02,0.02]
[-0.02,0.02]
[-0.02,0.02]
[-0.02,0.02]
[-0.02,0.02]
[-0.02,0.02]
[-0.02,0.02]
[-0.02,0.02]
[-0.02,0.02]
[-0.02,0.02]
[-0.02,0.02]
[-0.02,0.02]
[-0.02,0.02]
[-0.02,0.02]
[-0.02,0.02]
[-0.02,0.02]
[-0.02,0.02]
[-0.02,0.02]
[-0.02,0.02]
[0.0780392156862745,0.11803921568627451]
[0.8976470588235294,0.9376470588235294]
[0.972156862745098,1.012156862745098]
[0.8937254901960784,0.9337254901960784]
[0.11725490196078432,0.15725490196078432]
[-0.02,0.02]
[-0.02,0.02]
[-0.02,0.02]
[-0.02,0.02]
[-0.02,0.02]
[-0.02,0.02]
[-0.02,0.02]
[-0.02,0.02]
[-0.02,0.02]
[-0.02,0.02]
[-0.02,0.02]
[-0.02,0.02]
[-0.02,0.02]
[-0.02,0.02]
[-0.02,0.02]
[-0.02,0.02]
[-0.02,0.02]
[-0.02,0.02]
[-0.02,0.02]
[-0.02,0.02]
[-0.02,0.02]
[-0.02,0.02]
[-0.02,0.02]
[0.7564705882352941,0.7964705882352942]
[0.972156862745098,1.012156862745098]
[0.972156862745098,1.012156862745098]
[0.5329411764705883,0.5729411764705883]
[-0.02,0.02]
[-0.02,0.02]
[-0.02,0.02]
[-0.02,0.02]
[-0.02,0.02]
[-0.02,0.02]
[-0.02,0.02]
[-0.02,0.02]
[-0.02,0.02]
[-0.02,0.02]
[-0.02,0.02]
[-0.02,0.02]
[-0.02,0.02]
[-0.02,0.02]
[-0.02,0.02]
[-0.02,0.02]
[-0.02,0.02]
[-0.02,0.02]
[-0.02,0.02]
[-0.02,0.02]
[-0.02,0.02]
[-0.02,0.02]
[-0.02,0.02]
[0.2858823529411765,0.3258823529411765]
[0.9525490196078431,0.9925490196078431]
[0.972156862745098,1.012156862745098]
[0.7211764705882353,0.7611764705882353]
[0.027058823529411764,0.06705882352941177]
[-0.02,0.02]
[-0.02,0.02]
[-0.02,0.02]
[-0.02,0.02]
[-0.02,0.02]
[-0.02,0.02]
[-0.02,0.02]
[-0.02,0.02]
[-0.02,0.02]
[-0.02,0.02]
[-0.02,0.02]
[-0.02,0.02]
[-0.02,0.02]
[-0.02,0.02]
[-0.02,0.02]
[-0.02,0.02]
[-0.02,0.02]
[-0.02,0.02]
[-0.02,0.02]
[-0.02,0.02]
[-0.02,0.02]
[-0.02,0.02]
[0.05450980392156862,0.09450980392156863]
[0.764313725490196,0.8043137254901961]
[0.972156862745098,1.012156862745098]
[0.972156862745098,1.012156862745098]
[0.5329411764705883,0.5729411764705883]
[-0.02,0.02]
[-0.02,0.02]
[-0.02,0.02]
[-0.02,0.02]
[-0.02,0.02]
[-0.02,0.02]
[-0.02,0.02]
[-0.02,0.02]
[-0.02,0.02]
[-0.02,0.02]
[-0.02,0.02]
[-0.02,0.02]
[-0.02,0.02]
[-0.02,0.02]
[-0.02,0.02]
[-0.02,0.02]
[-0.02,0.02]
[-0.02,0.02]
[-0.02,0.02]
[-0.02,0.02]
[-0.02,0.02]
[-0.02,0.02]
[-0.02,0.02]
[0.5054901960784314,0.5454901960784314]
[0.972156862745098,1.012156862745098]
[0.972156862745098,1.012156862745098]
[0.6584313725490196,0.6984313725490197]
[0.027058823529411764,0.06705882352941177]
[-0.02,0.02]
[-0.02,0.02]
[-0.02,0.02]
[-0.02,0.02]
[-0.02,0.02]
[-0.02,0.02]
[-0.02,0.02]
[-0.02,0.02]
[-0.02,0.02]
[-0.02,0.02]
[-0.02,0.02]
[-0.02,0.02]
[-0.02,0.02]
[-0.02,0.02]
[-0.02,0.02]
[-0.02,0.02]
[-0.02,0.02]
[-0.02,0.02]
[-0.02,0.02]
[-0.02,0.02]
[-0.02,0.02]
[-0.02,0.02]
[-0.02,0.02]
[0.9525490196078431,0.9925490196078431]
[0.972156862745098,1.012156862745098]
[0.972156862745098,1.012156862745098]
[0.0780392156862745,0.11803921568627451]
[-0.02,0.02]
[-0.02,0.02]
[-0.02,0.02]
[-0.02,0.02]
[-0.02,0.02]
[-0.02,0.02]
[-0.02,0.02]
[-0.02,0.02]
[-0.02,0.02]
[-0.02,0.02]
[-0.02,0.02]
[-0.02,0.02]
[-0.02,0.02]
[-0.02,0.02]
[-0.02,0.02]
[-0.02,0.02]
[-0.02,0.02]
[-0.02,0.02]
[-0.02,0.02]
[-0.02,0.02]
[-0.02,0.02]
[-0.02,0.02]
[-0.02,0.02]
[-0.02,0.02]
[0.9525490196078431,0.9925490196078431]
[0.972156862745098,1.012156862745098]
[0.972156862745098,1.012156862745098]
[0.14862745098039218,0.18862745098039216]
[0.0584313725490196,0.09843137254901961]
[0.0584313725490196,0.09843137254901961]
[0.0584313725490196,0.09843137254901961]
[0.0584313725490196,0.09843137254901961]
[-0.00039215686274509873,0.039607843137254906]
[-0.02,0.02]
[-0.00039215686274509873,0.039607843137254906]
[0.0584313725490196,0.09843137254901961]
[0.0584313725490196,0.09843137254901961]
[0.1250980392156863,0.16509803921568628]
[0.5682352941176471,0.6082352941176471]
[0.5682352941176471,0.6082352941176471]
[0.5682352941176471,0.6082352941176471]
[0.556470588235294,0.5964705882352941]
[0.019215686274509803,0.05921568627450981]
[-0.02,0.02]
[-0.02,0.02]
[-0.02,0.02]
[-0.02,0.02]
[-0.02,0.02]
[-0.02,0.02]
[-0.02,0.02]
[-0.02,0.02]
[-0.02,0.02]
[0.9525490196078431,0.9925490196078431]
[0.972156862745098,1.012156862745098]
[0.972156862745098,1.012156862745098]
[0.972156862745098,1.012156862745098]
[0.972156862745098,1.012156862745098]
[0.972156862745098,1.012156862745098]
[0.972156862745098,1.012156862745098]
[0.972156862745098,1.012156862745098]
[0.6388235294117647,0.6788235294117647]
[0.5407843137254902,0.5807843137254902]
[0.6309803921568627,0.6709803921568628]
[0.972156862745098,1.012156862745098]
[0.972156862745098,1.012156862745098]
[0.972156862745098,1.012156862745098]
[0.972156862745098,1.012156862745098]
[0.972156862745098,1.012156862745098]
[0.972156862745098,1.012156862745098]
[0.972156862745098,1.012156862745098]
[0.4623529411764706,0.5023529411764706]
[-0.02,0.02]
[-0.02,0.02]
[-0.02,0.02]
[-0.02,0.02]
[-0.02,0.02]
[-0.02,0.02]
[-0.02,0.02]
[-0.02,0.02]
[-0.02,0.02]
[0.6623529411764706,0.7023529411764706]
[0.972156862745098,1.012156862745098]
[0.972156862745098,1.012156862745098]
[0.972156862745098,1.012156862745098]
[0.972156862745098,1.012156862745098]
[0.972156862745098,1.012156862745098]
[0.972156862745098,1.012156862745098]
[0.972156862745098,1.012156862745098]
[0.972156862745098,1.012156862745098]
[0.972156862745098,1.012156862745098]
[0.972156862745098,1.012156862745098]
[0.972156862745098,1.012156862745098]
[0.9564705882352941,0.9964705882352941]
[0.9486274509803921,0.9886274509803922]
[0.9486274509803921,0.9886274509803922]
[0.6427450980392156,0.6827450980392157]
[0.43882352941176467,0.4788235294117647]
[0.43882352941176467,0.4788235294117647]
[0.2035294117647059,0.24352941176470588]
[-0.02,0.02]
[-0.02,0.02]
[-0.02,0.02]
[-0.02,0.02]
[-0.02,0.02]
[-0.02,0.02]
[-0.02,0.02]
[-0.02,0.02]
[-0.02,0.02]
[-0.02,0.02]
[0.4427450980392157,0.4827450980392157]
[0.4623529411764706,0.5023529411764706]
[0.4623529411764706,0.5023529411764706]
[0.4623529411764706,0.5023529411764706]
[0.6309803921568627,0.6709803921568628]
[0.972156862745098,1.012156862745098]
[0.972156862745098,1.012156862745098]
[0.972156862745098,1.012156862745098]
[0.5878431372549019,0.6278431372549019]
[0.4623529411764706,0.5023529411764706]
[0.4623529411764706,0.5023529411764706]
[0.14078431372549022,0.1807843137254902]
[-0.02,0.02]
[-0.02,0.02]
[-0.02,0.02]
[-0.02,0.02]
[-0.02,0.02]
[-0.02,0.02]
[-0.02,0.02]
[-0.02,0.02]
[-0.02,0.02]
[-0.02,0.02]
[-0.02,0.02]
[-0.02,0.02]
[-0.02,0.02]
[-0.02,0.02]
[-0.02,0.02]
[-0.02,0.02]
[-0.02,0.02]
[-0.02,0.02]
[-0.02,0.02]
[-0.02,0.02]
[-0.02,0.02]
[-0.02,0.02]
[-0.02,0.02]
[-0.02,0.02]
[-0.02,0.02]
[-0.02,0.02]
[-0.02,0.02]
[-0.02,0.02]
[-0.02,0.02]
[-0.02,0.02]
[-0.02,0.02]
[-0.02,0.02]
[-0.02,0.02]
[-0.02,0.02]
[-0.02,0.02]
[-0.02,0.02]
[-0.02,0.02]
[-0.02,0.02]
[-0.02,0.02]
[-0.02,0.02]
[-0.02,0.02]
[-0.02,0.02]
[-0.02,0.02]
[-0.02,0.02]
[-0.02,0.02]
[-0.02,0.02]
[-0.02,0.02]
[-0.02,0.02]
[-0.02,0.02]
[-0.02,0.02]
[-0.02,0.02]
[-0.02,0.02]
[-0.02,0.02]
[-0.02,0.02]
[-0.02,0.02]
[-0.02,0.02]
[-0.02,0.02]
[-0.02,0.02]
[-0.02,0.02]
[-0.02,0.02]
[-0.02,0.02]
[-0.02,0.02]
[-0.02,0.02]
[-0.02,0.02]
[-0.02,0.02]
[-0.02,0.02]
[-0.02,0.02]
[-0.02,0.02]
[-0.02,0.02]
[-0.02,0.02]
[-0.02,0.02]
[-0.02,0.02]
[-0.02,0.02]
[-0.02,0.02]
[-0.02,0.02]
[-0.02,0.02]
[-0.02,0.02]
[-0.02,0.02]
[-0.02,0.02]
[-0.02,0.02]
[-0.02,0.02]
[-0.02,0.02]
[-0.02,0.02]
[-0.02,0.02]
[-0.02,0.02]
[-0.02,0.02]
[-0.02,0.02]
[-0.02,0.02]
[-0.02,0.02]
[-0.02,0.02]
[-0.02,0.02]
[-0.02,0.02]
[-0.02,0.02]
[-0.02,0.02]
[-0.02,0.02]
[-0.02,0.02]
[-0.02,0.02]
[-0.02,0.02]
[-0.02,0.02]
[-0.02,0.02]
[-0.02,0.02]
[-0.02,0.02]
[-0.02,0.02]
[-0.02,0.02]
[-0.02,0.02]
[-0.02,0.02]
[-0.02,0.02]
[-0.02,0.02]
[-0.02,0.02]
[-0.02,0.02]
[-0.02,0.02]
[-0.02,0.02]
[-0.02,0.02]
[-0.02,0.02]
[-0.02,0.02]
[-0.02,0.02]
[-0.02,0.02]
[-0.02,0.02]
[-0.02,0.02]
[-0.02,0.02]
[-0.02,0.02]
[-0.02,0.02]
[-0.02,0.02]
[-0.02,0.02]
[-0.02,0.02]
[-0.02,0.02]
[-0.02,0.02]
[-0.02,0.02]
[-0.02,0.02]
[-0.02,0.02]
[-0.02,0.02]
[-0.02,0.02]
[-0.02,0.02]
[-0.02,0.02]
[-0.02,0.02]
[-0.02,0.02]
[-0.02,0.02]
[-0.02,0.02]
[-0.02,0.02]
[-0.02,0.02]
[-0.02,0.02]
[-0.02,0.02]
[-0.02,0.02]
[-0.02,0.02]
[-0.02,0.02]
[-0.02,0.02]
[-0.02,0.02]
