[0.0,0.0]
[0.0,0.0]
[0.0,0.0]
[0.0,0.0]
[0.0,0.0]
[0.0,0.0]
[0.0,0.0]
[0.0,0.0]
[0.0,0.0]
[0.0,0.0]
[0.0,0.0]
[0.0,0.0]
[0.0,0.0]
[0.0,0.0]
[0.0,0.0]
[0.0,0.0]
[0.0,0.0]
[0.0,0.0]
[0.0,0.0]
[0.0,0.0]
[0.0,0.0]
[0.0,0.0]
[0.0,0.0]
[0.0,0.0]
[0.0,0.0]
[0.0,0.0]
[0.0,0.0]
[0.0,0.0]
[0.0,0.0]
[0.0,0.0]
[0.0,0.0]
[0.0,0.0]
[0.0,0.0]
[0.0,0.0]
[0.0,0.0]
[0.0,0.0]
[0.0,0.0]
[0.0,0.0]
[0.0,0.0]
[0.0,0.0]
[0.0,0.0]
[0.0,0.0]
[0.0,0.0]
[0.0,0.0]
[0.0,0.0]
[0.0,0.0]
[0.0,0.0]
[0.0,0.0]
[0.0,0.0]
[0.0,0.0]
[0.0,0.0]
[0.0,0.0]
[0.0,0.0]
[0.0,0.0]
[0.0,0.0]
[0.0,0.0]
[0.0,0.0]
[0.0,0.0]
[0.0,0.0]
[0.0,0.0]
[0.0,0.0]
[0.0,0.0]
[0.0,0.0]
[0.0,0.0]
[0.0,0.0]
[0.0,0.0]
[0.0,0.0]
[0.0,0.0]
[0.0,0.0]
[0.0,0.0]
[0.0,0.0]
[0.0,0.0]
[0.0,0.0]
[0.0,0.0]
[0.0,0.0]
[0.0,0.0]
[0.0,0.0]
[0.0,0.0]
[0.0,0.0]
[0.0,0.0]
[0.0,0.0]
[0.0,0.0]
[0.0,0.0]
[0.0,0.0]
[0.0,0.0]
[0.0,0.0]
[0.0,0.0]
[0.0,0.0]
[0.0,0.0]
[0.0,0.0]
[0.0,0.0]
[0.0,0.0]
[0.0,0.0]
[0.0,0.0]
[0.0,0.0]
[0.0,0.0]
[0.0,0.0]
[0.0,0.0]
[0.0,0.0]
[0.0,0.0]
[0.0,0.0]
[0.0,0.0]
[0.0,0.0]
[0.0,0.0]
[0.0,0.0]
[0.0,0.0]
[0.0,0.0]
[0.0,0.0]
[0.0,0.0]
[0.0,0.0]
[0.0,0.0]
[0.0,0.0]
[0.0,0.0]
[0.0,0.0]
[0.0,0.0]
[0.0,0.0]
[0.0,0.0]
[0.0,0.0]
[0.0,0.0]
[0.0,0.0]
[0.0,0.0]
[0.0,0.0]
[0.0,0.0]
[0.0,0.0]
[0.0,0.0]
[0.0,0.0]
[0.0,0.0]
[0.0,0.0]
[0.0,0.0]
[0.0,0.0]
[0.0,0.0]
[0.0,0.0]
[0.0,0.0]
[0.0,0.0]
[0.0,0.0]
[0.0,0.0]
[0.0,0.0]
[0.0,0.0]
[0.0,0.0]
[0.0,0.0]
[0.0,0.0]
[0.0,0.0]
[0.0,0.0]
[0.0,0.0]
[0.0,0.0]
[0.0,0.0]
[0.0,0.0]
[0.0,0.0]
[0.0,0.0]
[0.0,0.0]
[0.0,0.0]
[0.0,0.0]
[0.06666666666666667,0.06666666666666667]
[0.25882352941176473,0.25882352941176473]
[0.5411764705882353,0.5411764705882353]
[1.0,1.0]
[0.9921568627450981,0.9921568627450981]
[0.6627450980392157,0.6627450980392157]
[0.5411764705882353,0.5411764705882353]
[0.09019607843137255,0.09019607843137255]
[0.0,0.0]
[0.0,0.0]
[0.0,0.0]
[0.0,0.0]
[0.0,0.0]
[0.0,0.0]
[0.0,0.0]
[0.0,0.0]
[0.0,0.0]
[0.0,0.0]
[0.0,0.0]
[0.0,0.0]
[0.0,0.0]
[0.0,0.0]
[0.0,0.0]
[0.0,0.0]
[0.0,0.0]
[0.0,0.0]
[0.0196078431372549,0.0196078431372549]
[0.47058823529411764,0.47058823529411764]
[0.8941176470588236,0.8941176470588236]
[0.9882352941176471,0.9882352941176471]
[0.9882352941176471,0.9882352941176471]
[0.9921568627450981,0.9921568627450981]
[0.9882352941176471,0.9882352941176471]
[0.9882352941176471,0.9882352941176471]
[0.9882352941176471,0.9882352941176471]
[0.6196078431372549,0.6196078431372549]
[0.0,0.0]
[0.0,0.0]
[0.0,0.0]
[0.0,0.0]
[0.0,0.0]
[0.0,0.0]
[0.0,0.0]
[0.0,0.0]
[0.0,0.0]
[0.0,0.0]
[0.0,0.0]
[0.0,0.0]
[0.0,0.0]
[0.0,0.0]
[0.0,0.0]
[0.0,0.0]
[0.0,0.0]
[0.0,0.0]
[0.4235294117647059,0.4235294117647059]
[0.9882352941176471,0.9882352941176471]
[0.9882352941176471,0.9882352941176471]
[0.9882352941176471,0.9882352941176471]
[0.9882352941176471,0.9882352941176471]
[0.7450980392156863,0.7450980392156863]
[0.9882352941176471,0.9882352941176471]
[0.9882352941176471,0.9882352941176471]
[0.9882352941176471,0.9882352941176471]
[0.9882352941176471,0.9882352941176471]
[0.0,0.0]
[0.0,0.0]
[0.0,0.0]
[0.0,0.0]
[0.0,0.0]
[0.0,0.0]
[0.0,0.0]
[0.0,0.0]
[0.0,0.0]
[0.0,0.0]
[0.0,0.0]
[0.0,0.0]
[0.0,0.0]
[0.0,0.0]
[0.0,0.0]
[0.0,0.0]
[0.0,0.0]
[0.16862745098039217,0.16862745098039217]
[0.9137254901960784,0.9137254901960784]
[0.9882352941176471,0.9882352941176471]
[0.9882352941176471,0.9882352941176471]
[0.9882352941176471,0.9882352941176471]
[0.4549019607843137,0.4549019607843137]
[0.0196078431372549,0.0196078431372549]
[0.5294117647058824,0.5294117647058824]
[0.9882352941176471,0.9882352941176471]
[0.9882352941176471,0.9882352941176471]
[0.9882352941176471,0.9882352941176471]
[0.0,0.0]
[0.0,0.0]
[0.0,0.0]
[0.0,0.0]
[0.0,0.0]
[0.0,0.0]
[0.0,0.0]
[0.0,0.0]
[0.0,0.0]
[0.0,0.0]
[0.0,0.0]
[0.0,0.0]
[0.0,0.0]
[0.0,0.0]
[0.0,0.0]
[0.0,0.0]
[0.16862745098039217,0.16862745098039217]
[0.6980392156862745,0.6980392156862745]
[0.9921568627450981,0.9921568627450981]
[0.9882352941176471,0.9882352941176471]
[0.8666666666666667,0.8666666666666667]
[0.16862745098039217,0.16862745098039217]
[0.00784313725490196,0.00784313725490196]
[0.0,0.0]
[0.0196078431372549,0.0196078431372549]
[0.21176470588235294,0.21176470588235294]
[0.9098039215686274,0.9098039215686274]
[0.9882352941176471,0.9882352941176471]
[0.8235294117647058,0.8235294117647058]
[0.0,0.0]
[0.0,0.0]
[0.0,0.0]
[0.0,0.0]
[0.0,0.0]
[0.0,0.0]
[0.0,0.0]
[0.0,0.0]
[0.0,0.0]
[0.0,0.0]
[0.0,0.0]
[0.0,0.0]
[0.0,0.0]
[0.0,0.0]
[0.0,0.0]
[0.36470588235294116,0.36470588235294116]
[0.9921568627450981,0.9921568627450981]
[1.0,1.0]
[0.9764705882352941,0.9764705882352941]
[0.45098039215686275,0.45098039215686275]
[0.0,0.0]
[0.0,0.0]
[0.0,0.0]
[0.0,0.0]
[0.0,0.0]
[0.5333333333333333,0.5333333333333333]
[0.984313725490196,0.984313725490196]
[1.0,1.0]
[0.6039215686274509,0.6039215686274509]
[0.0,0.0]
[0.0,0.0]
[0.0,0.0]
[0.0,0.0]
[0.0,0.0]
[0.0,0.0]
[0.0,0.0]
[0.0,0.0]
[0.0,0.0]
[0.0,0.0]
[0.0,0.0]
[0.0,0.0]
[0.0,0.0]
[0.0,0.0]
[0.6509803921568628,0.6509803921568628]
[0.9882352941176471,0.9882352941176471]
[0.9921568627450981,0.9921568627450981]
[0.7254901960784313,0.7254901960784313]
[0.0,0.0]
[0.0,0.0]
[0.0,0.0]
[0.0,0.0]
[0.0,0.0]
[0.0,0.0]
[0.0,0.0]
[0.8196078431372549,0.8196078431372549]
[0.9921568627450981,0.9921568627450981]
[0.807843137254902,0.807843137254902]
[0.0,0.0]
[0.0,0.0]
[0.0,0.0]
[0.0,0.0]
[0.0,0.0]
[0.0,0.0]
[0.0,0.0]
[0.0,0.0]
[0.0,0.0]
[0.0,0.0]
[0.0,0.0]
[0.0,0.0]
[0.0,0.0]
[0.07450980392156863,0.07450980392156863]
[0.8627450980392157,0.8627450980392157]
[0.9882352941176471,0.9882352941176471]
[0.9921568627450981,0.9921568627450981]
[0.3607843137254902,0.3607843137254902]
[0.0,0.0]
[0.0,0.0]
[0.0,0.0]
[0.0,0.0]
[0.0,0.0]
[0.0,0.0]
[0.0,0.0]
[0.4549019607843137,0.4549019607843137]
[0.9921568627450981,0.9921568627450981]
[0.807843137254902,0.807843137254902]
[0.0,0.0]
[0.0,0.0]
[0.0,0.0]
[0.0,0.0]
[0.0,0.0]
[0.0,0.0]
[0.0,0.0]
[0.0,0.0]
[0.0,0.0]
[0.0,0.0]
[0.0,0.0]
[0.0,0.0]
[0.0,0.0]
[0.27450980392156865,0.27450980392156865]
[0.9882352941176471,0.9882352941176471]
[0.9882352941176471,0.9882352941176471]
[0.7529411764705882,0.7529411764705882]
[0.06666666666666667,0.06666666666666667]
[0.0,0.0]
[0.0,0.0]
[0.0,0.0]
[0.0,0.0]
[0.0,0.0]
[0.0,0.0]
[0.0,0.0]
[0.4549019607843137,0.4549019607843137]
[0.9921568627450981,0.9921568627450981]
[0.8745098039215686,0.8745098039215686]
[0.09803921568627451,0.09803921568627451]
[0.0,0.0]
[0.0,0.0]
[0.0,0.0]
[0.0,0.0]
[0.0,0.0]
[0.0,0.0]
[0.0,0.0]
[0.0,0.0]
[0.0,0.0]
[0.0,0.0]
[0.0,0.0]
[0.0,0.0]
[0.47843137254901963,0.47843137254901963]
[0.9882352941176471,0.9882352941176471]
[0.9882352941176471,0.9882352941176471]
[0.24705882352941178,0.24705882352941178]
[0.0,0.0]
[0.0,0.0]
[0.0,0.0]
[0.0,0.0]
[0.0,0.0]
[0.0,0.0]
[0.0,0.0]
[0.0,0.0]
[0.4549019607843137,0.4549019607843137]
[0.9921568627450981,0.9921568627450981]
[0.9882352941176471,0.9882352941176471]
[0.27058823529411763,0.27058823529411763]
[0.0,0.0]
[0.0,0.0]
[0.0,0.0]
[0.0,0.0]
[0.0,0.0]
[0.0,0.0]
[0.0,0.0]
[0.0,0.0]
[0.0,0.0]
[0.0,0.0]
[0.0,0.0]
[0.0,0.0]
[0.5176470588235295,0.5176470588235295]
[0.9921568627450981,0.9921568627450981]
[0.9921568627450981,0.9921568627450981]
[0.0,0.0]
[0.0,0.0]
[0.0,0.0]
[0.0,0.0]
[0.0,0.0]
[0.0,0.0]
[0.0,0.0]
[0.0,0.0]
[0.0,0.0]
[0.4549019607843137,0.4549019607843137]
[1.0,1.0]
[0.9921568627450981,0.9921568627450981]
[0.27058823529411763,0.27058823529411763]
[0.0,0.0]
[0.0,0.0]
[0.0,0.0]
[0.0,0.0]
[0.0,0.0]
[0.0,0.0]
[0.0,0.0]
[0.0,0.0]
[0.0,0.0]
[0.0,0.0]
[0.0,0.0]
[0.0,0.0]
[0.7215686274509804,0.7215686274509804]
[0.9882352941176471,0.9882352941176471]
[0.9882352941176471,0.9882352941176471]
[0.0,0.0]
[0.0,0.0]
[0.0,0.0]
[0.0,0.0]
[0.0,0.0]
[0.0,0.0]
[0.0,0.0]
[0.0,0.0]
[0.0,0.0]
[0.4549019607843137,0.4549019607843137]
[0.9921568627450981,0.9921568627450981]
[0.9882352941176471,0.9882352941176471]
[0.27058823529411763,0.27058823529411763]
[0.0,0.0]
[0.0,0.0]
[0.0,0.0]
[0.0,0.0]
[0.0,0.0]
[0.0,0.0]
[0.0,0.0]
[0.0,0.0]
[0.0,0.0]
[0.0,0.0]
[0.0,0.0]
[0.0,0.0]
[0.7215686274509804,0.7215686274509804]
[0.9882352941176471,0.9882352941176471]
[0.9882352941176471,0.9882352941176471]
[0.0,0.0]
[0.0,0.0]
[0.0,0.0]
[0.0,0.0]
[0.0,0.0]
[0.0,0.0]
[0.0,0.0]
[0.0,0.0]
[0.0,0.0]
[0.4549019607843137,0.4549019607843137]
[0.9921568627450981,0.9921568627450981]
[0.9411764705882353,0.9411764705882353]
[0.19607843137254902,0.19607843137254902]
[0.0,0.0]
[0.0,0.0]
[0.0,0.0]
[0.0,0.0]
[0.0,0.0]
[0.0,0.0]
[0.0,0.0]
[0.0,0.0]
[0.0,0.0]
[0.0,0.0]
[0.0,0.0]
[0.0,0.0]
[0.7215686274509804,0.7215686274509804]
[0.9882352941176471,0.9882352941176471]
[0.9882352941176471,0.9882352941176471]
[0.0,0.0]
[0.0,0.0]
[0.0,0.0]
[0.0,0.0]
[0.0,0.0]
[0.0,0.0]
[0.0,0.0]
[0.0,0.0]
[0.0,0.0]
[0.8235294117647058,0.8235294117647058]
[0.9921568627450981,0.9921568627450981]
[0.4392156862745098,0.4392156862745098]
[0.0,0.0]
[0.0,0.0]
[0.0,0.0]
[0.0,0.0]
[0.0,0.0]
[0.0,0.0]
[0.0,0.0]
[0.0,0.0]
[0.0,0.0]
[0.0,0.0]
[0.0,0.0]
[0.0,0.0]
[0.0,0.0]
[0.18823529411764706,0.18823529411764706]
[0.9098039215686274,0.9098039215686274]
[0.9882352941176471,0.9882352941176471]
[0.6196078431372549,0.6196078431372549]
[0.0,0.0]
[0.0,0.0]
[0.0,0.0]
[0.0,0.0]
[0.0,0.0]
[0.0,0.0]
[0.0,0.0]
[0.0,0.0]
[0.9019607843137255,0.9019607843137255]
[0.9098039215686274,0.9098039215686274]
[0.03137254901960784,0.03137254901960784]
[0.0,0.0]
[0.0,0.0]
[0.0,0.0]
[0.0,0.0]
[0.0,0.0]
[0.0,0.0]
[0.0,0.0]
[0.0,0.0]
[0.0,0.0]
[0.0,0.0]
[0.0,0.0]
[0.0,0.0]
[0.0,0.0]
[0.0,0.0]
[0.36470588235294116,0.36470588235294116]
[0.9921568627450981,0.9921568627450981]
[0.9568627450980393,0.9568627450980393]
[0.19607843137254902,0.19607843137254902]
[0.0,0.0]
[0.0,0.0]
[0.0,0.0]
[0.0,0.0]
[0.0,0.0]
[0.0,0.0]
[0.6078431372549019,0.6078431372549019]
[0.9921568627450981,0.9921568627450981]
[0.6588235294117647,0.6588235294117647]
[0.0,0.0]
[0.0,0.0]
[0.0,0.0]
[0.0,0.0]
[0.0,0.0]
[0.0,0.0]
[0.0,0.0]
[0.0,0.0]
[0.0,0.0]
[0.0,0.0]
[0.0,0.0]
[0.0,0.0]
[0.0,0.0]
[0.0,0.0]
[0.0,0.0]
[0.13333333333333333,0.13333333333333333]
[0.6431372549019608,0.6431372549019608]
[0.9921568627450981,0.9921568627450981]
[0.44313725490196076,0.44313725490196076]
[0.0,0.0]
[0.0,0.0]
[0.0,0.0]
[0.0,0.0]
[0.0,0.0]
[0.25882352941176473,0.25882352941176473]
[0.9254901960784314,0.9254901960784314]
[0.9058823529411765,0.9058823529411765]
[0.16470588235294117,0.16470588235294117]
[0.0,0.0]
[0.0,0.0]
[0.0,0.0]
[0.0,0.0]
[0.0,0.0]
[0.0,0.0]
[0.0,0.0]
[0.0,0.0]
[0.0,0.0]
[0.0,0.0]
[0.0,0.0]
[0.0,0.0]
[0.0,0.0]
[0.0,0.0]
[0.0,0.0]
[0.0,0.0]
[0.12549019607843137,0.12549019607843137]
[0.8705882352941177,0.8705882352941177]
[0.9411764705882353,0.9411764705882353]
[0.5254901960784314,0.5254901960784314]
[0.0,0.0]
[0.0,0.0]
[0.14901960784313725,0.14901960784313725]
[0.3568627450980392,0.3568627450980392]
[0.9176470588235294,0.9176470588235294]
[0.9882352941176471,0.9882352941176471]
[0.5372549019607843,0.5372549019607843]
[0.0,0.0]
[0.0,0.0]
[0.0,0.0]
[0.0,0.0]
[0.0,0.0]
[0.0,0.0]
[0.0,0.0]
[0.0,0.0]
[0.0,0.0]
[0.0,0.0]
[0.0,0.0]
[0.0,0.0]
[0.0,0.0]
[0.0,0.0]
[0.0,0.0]
[0.0,0.0]
[0.0,0.0]
[0.0,0.0]
[0.09803921568627451,0.09803921568627451]
[0.6941176470588235,0.6941176470588235]
[0.9411764705882353,0.9411764705882353]
[0.8117647058823529,0.8117647058823529]
[0.403921568627451,0.403921568627451]
[0.9137254901960784,0.9137254901960784]
[0.9882352941176471,0.9882352941176471]
[0.9882352941176471,0.9882352941176471]
[0.6901960784313725,0.6901960784313725]
[0.13725490196078433,0.13725490196078433]
[0.0,0.0]
[0.0,0.0]
[0.0,0.0]
[0.0,0.0]
[0.0,0.0]
[0.0,0.0]
[0.0,0.0]
[0.0,0.0]
[0.0,0.0]
[0.0,0.0]
[0.0,0.0]
[0.0,0.0]
[0.0,0.0]
[0.0,0.0]
[0.0,0.0]
[0.0,0.0]
[0.0,0.0]
[0.0,0.0]
[0.0,0.0]
[0.058823529411764705,0.058823529411764705]
[0.21176470588235294,0.21176470588235294]
[0.7019607843137254,0.7019607843137254]
[0.9882352941176471,0.9882352941176471]
[0.5372549019607843,0.5372549019607843]
[0.5372549019607843,0.5372549019607843]
[0.21176470588235294,0.21176470588235294]
[0.01568627450980392,0.01568627450980392]
[0.0,0.0]
[0.0,0.0]
[0.0,0.0]
[0.0,0.0]
[0.0,0.0]
[0.0,0.0]
[0.0,0.0]
[0.0,0.0]
[0.0,0.0]
[0.0,0.0]
[0.0,0.0]
[0.0,0.0]
[0.0,0.0]
[0.0,0.0]
[0.0,0.0]
[0.0,0.0]
[0.0,0.0]
[0.0,0.0]
[0.0,0.0]
[0.0,0.0]
[0.0,0.0]
[0.0,0.0]
[0.0,0.0]
[0.0,0.0]
[0.0,0.0]
[0.0,0.0]
[0.0,0.0]
[0.0,0.0]
[0.0,0.0]
[0.0,0.0]
[0.0,0.0]
[0.0,0.0]
[0.0,0.0]
[0.0,0.0]
[0.0,0.0]
[0.0,0.0]
[0.0,0.0]
[0.0,0.0]
[0.0,0.0]
[0.0,0.0]
[0.0,0.0]
[0.0,0.0]
[0.0,0.0]
[0.0,0.0]
[0.0,0.0]
[0.0,0.0]
[0.0,0.0]
[0.0,0.0]
[0.0,0.0]
[0.0,0.0]
[0.0,0.0]
[0.0,0.0]
[0.0,0.0]
[0.0,0.0]
[0.0,0.0]
[0.0,0.0]
[0.0,0.0]
[0.0,0.0]
[0.0,0.0]
[0.0,0.0]
[0.0,0.0]
[0.0,0.0]
[0.0,0.0]
[0.0,0.0]
[0.0,0.0]
[0.0,0.0]
[0.0,0.0]
[0.0,0.0]
[0.0,0.0]
[0.0,0.0]
[0.0,0.0]
[0.0,0.0]
[0.0,0.0]
[0.0,0.0]
[0.0,0.0]
[0.0,0.0]
[0.0,0.0]
[0.0,0.0]
[0.0,0.0]
[0.0,0.0]
[0.0,0.0]
[0.0,0.0]
[0.0,0.0]
[0.0,0.0]
[0.0,0.0]
[0.0,0.0]
[0.0,0.0]
[0.0,0.0]
[0.0,0.0]
[0.0,0.0]
[0.0,0.0]
[0.0,0.0]
[0.0,0.0]
[-0.03,0.03]
[-0.03,0.03]
[-0.03,0.03]
[-0.03,0.03]
[-0.03,0.03]
[-0.03,0.03]
[-0.03,0.03]
[-0.03,0.03]
[-0.03,0.03]
[-0.03,0.03]
[-0.03,0.03]
[-0.03,0.03]
[-0.03,0.03]
[-0.03,0.03]
[-0.03,0.03]
[-0.03,0.03]
[-0.03,0.03]
[-0.03,0.03]
[-0.03,0.03]
[-0.03,0.03]
[-0.03,0.03]
[-0.03,0.03]
[-0.03,0.03]
[-0.03,0.03]
[-0.03,0.03]
[-0.03,0.03]
[-0.03,0.03]
[-0.03,0.03]
[-0.03,0.03]
[-0.03,0.03]
[-0.03,0.03]
[-0.03,0.03]
[-0.03,0.03]
[-0.03,0.03]
[-0.03,0.03]
[-0.03,0.03]
[-0.03,0.03]
[-0.03,0.03]
[-0.03,0.03]
[-0.03,0.03]
[-0.03,0.03]
[-0.03,0.03]
[-0.03,0.03]
[-0.03,0.03]
[-0.03,0.03]
[-0.03,0.03]
[-0.03,0.03]
[-0.03,0.03]
[-0.03,0.03]
[-0.03,0.03]
[-0.03,0.03]
[-0.03,0.03]
[-0.03,0.03]
[-0.03,0.03]
[-0.03,0.03]
[-0.03,0.03]
[-0.03,0.03]
[-0.03,0.03]
[-0.03,0.03]
[-0.03,0.03]
[-0.03,0.03]
[-0.03,0.03]
[-0.03,0.03]
[-0.03,0.03]
[-0.03,0.03]
[-0.03,0.03]
[-0.03,0.03]
[-0.03,0.03]
[-0.03,0.03]
[-0.03,0.03]
[-0.03,0.03]
[-0.03,0.03]
[-0.03,0.03]
[-0.03,0.03]
[-0.03,0.03]
[-0.03,0.03]
[-0.03,0.03]
[-0.03,0.03]
[-0.03,0.03]
[-0.03,0.03]
[-0.03,0.03]
[-0.03,0.03]
[-0.03,0.03]
[-0.03,0.03]
[-0.03,0.03]
[-0.03,0.03]
[-0.03,0.03]
[-0.03,0.03]
[-0.03,0.03]
[-0.03,0.03]
[-0.03,0.03]
[-0.03,0.03]
[-0.03,0.03]
[-0.03,0.03]
[-0.03,0.03]
[-0.03,0.03]
[-0.03,0.03]
[-0.03,0.03]
[-0.03,0.03]
[-0.03,0.03]
[-0.03,0.03]
[-0.03,0.03]
[-0.03,0.03]
[-0.03,0.03]
[-0.03,0.03]
[-0.03,0.03]
[-0.03,0.03]
[-0.03,0.03]
[-0.03,0.03]
[-0.03,0.03]
[-0.03,0.03]
[-0.03,0.03]
[-0.03,0.03]
[-0.03,0.03]
[-0.03,0.03]
[-0.03,0.03]
[-0.03,0.03]
[-0.03,0.03]
[-0.03,0.03]
[-0.03,0.03]
[-0.03,0.03]
[-0.03,0.03]
[-0.03,0.03]
[-0.03,0.03]
[-0.03,0.03]
[-0.03,0.03]
[-0.03,0.03]
[-0.03,0.03]
[-0.03,0.03]
[-0.03,0.03]
[-0.03,0.03]
[-0.03,0.03]
[-0.03,0.03]
[-0.03,0.03]
[-0.03,0.03]
[-0.03,0.03]
[-0.03,0.03]
[-0.03,0.03]
[-0.03,0.03]
[-0.03,0.03]
[-0.03,0.03]
[-0.03,0.03]
[-0.03,0.03]
[-0.03,0.03]
[-0.03,0.03]
[-0.03,0.03]
[-0.03,0.03]
[-0.03,0.03]
[-0.03,0.03]
[-0.03,0.03]
[-0.03,0.03]
[-0.03,0.03]
[0.03666666666666667,0.09666666666666666]
[0.22882352941176473,0.2888235294117647]
[0.5111764705882352,0.5711764705882353]
[0.97,1.03]
[0.962156862745098,1.022156862745098]
[0.6327450980392156,0.6927450980392157]
[0.5111764705882352,0.5711764705882353]
[0.06019607843137255,0.12019607843137255]
[-0.03,0.03]
[-0.03,0.03]
[-0.03,0.03]
[-0.03,0.03]
[-0.03,0.03]
[-0.03,0.03]
[-0.03,0.03]
[-0.03,0.03]
[-0.03,0.03]
[-0.03,0.03]
[-0.03,0.03]
[-0.03,0.03]
[-0.03,0.03]
[-0.03,0.03]
[-0.03,0.03]
[-0.03,0.03]
[-0.03,0.03]
[-0.03,0.03]
[-0.010392156862745097,0.0496078431372549]
[0.4405882352941176,0.5005882352941177]
[0.8641176470588235,0.9241176470588236]
[0.9582352941176471,1.0182352941176471]
[0.9582352941176471,1.0182352941176471]
[0.962156862745098,1.022156862745098]
[0.9582352941176471,1.0182352941176471]
[0.9582352941176471,1.0182352941176471]
[0.9582352941176471,1.0182352941176471]
[0.5896078431372549,0.649607843137255]
[-0.03,0.03]
[-0.03,0.03]
[-0.03,0.03]
[-0.03,0.03]
[-0.03,0.03]
[-0.03,0.03]
[-0.03,0.03]
[-0.03,0.03]
[-0.03,0.03]
[-0.03,0.03]
[-0.03,0.03]
[-0.03,0.03]
[-0.03,0.03]
[-0.03,0.03]
[-0.03,0.03]
[-0.03,0.03]
[-0.03,0.03]
[-0.03,0.03]
[0.3935294117647059,0.45352941176470585]
[0.9582352941176471,1.0182352941176471]
[0.9582352941176471,1.0182352941176471]
[0.9582352941176471,1.0182352941176471]
[0.9582352941176471,1.0182352941176471]
[0.7150980392156863,0.7750980392156863]
[0.9582352941176471,1.0182352941176471]
[0.9582352941176471,1.0182352941176471]
[0.9582352941176471,1.0182352941176471]
[0.9582352941176471,1.0182352941176471]
[-0.03,0.03]
[-0.03,0.03]
[-0.03,0.03]
[-0.03,0.03]
[-0.03,0.03]
[-0.03,0.03]
[-0.03,0.03]
[-0.03,0.03]
[-0.03,0.03]
[-0.03,0.03]
[-0.03,0.03]
[-0.03,0.03]
[-0.03,0.03]
[-0.03,0.03]
[-0.03,0.03]
[-0.03,0.03]
[-0.03,0.03]
[0.13862745098039217,0.19862745098039217]
[0.8837254901960784,0.9437254901960784]
[0.9582352941176471,1.0182352941176471]
[0.9582352941176471,1.0182352941176471]
[0.9582352941176471,1.0182352941176471]
[0.42490196078431375,0.4849019607843137]
[-0.010392156862745097,0.0496078431372549]
[0.49941176470588233,0.5594117647058824]
[0.9582352941176471,1.0182352941176471]
[0.9582352941176471,1.0182352941176471]
[0.9582352941176471,1.0182352941176471]
[-0.03,0.03]
[-0.03,0.03]
[-0.03,0.03]
[-0.03,0.03]
[-0.03,0.03]
[-0.03,0.03]
[-0.03,0.03]
[-0.03,0.03]
[-0.03,0.03]
[-0.03,0.03]
[-0.03,0.03]
[-0.03,0.03]
[-0.03,0.03]
[-0.03,0.03]
[-0.03,0.03]
[-0.03,0.03]
[0.13862745098039217,0.19862745098039217]
[0.6680392156862744,0.7280392156862745]
[0.962156862745098,1.022156862745098]
[0.9582352941176471,1.0182352941176471]
[0.8366666666666667,0.8966666666666667]
[0.13862745098039217,0.19862745098039217]
[-0.022156862745098038,0.03784313725490196]
[-0.03,0.03]
[-0.010392156862745097,0.0496078431372549]
[0.18176470588235294,0.24176470588235294]
[0.8798039215686274,0.9398039215686275]
[0.9582352941176471,1.0182352941176471]
[0.7935294117647058,0.8535294117647059]
[-0.03,0.03]
[-0.03,0.03]
[-0.03,0.03]
[-0.03,0.03]
[-0.03,0.03]
[-0.03,0.03]
[-0.03,0.03]
[-0.03,0.03]
[-0.03,0.03]
[-0.03,0.03]
[-0.03,0.03]
[-0.03,0.03]
[-0.03,0.03]
[-0.03,0.03]
[-0.03,0.03]
[0.3347058823529412,0.39470588235294113]
[0.962156862745098,1.022156862745098]
[0.97,1.03]
[0.9464705882352941,1.006470588235294]
[0.4209803921568628,0.4809803921568627]
[-0.03,0.03]
[-0.03,0.03]
[-0.03,0.03]
[-0.03,0.03]
[-0.03,0.03]
[0.5033333333333333,0.5633333333333334]
[0.954313725490196,1.014313725490196]
[0.97,1.03]
[0.5739215686274509,0.633921568627451]
[-0.03,0.03]
[-0.03,0.03]
[-0.03,0.03]
[-0.03,0.03]
[-0.03,0.03]
[-0.03,0.03]
[-0.03,0.03]
[-0.03,0.03]
[-0.03,0.03]
[-0.03,0.03]
[-0.03,0.03]
[-0.03,0.03]
[-0.03,0.03]
[-0.03,0.03]
[0.6209803921568627,0.6809803921568628]
[0.9582352941176471,1.0182352941176471]
[0.962156862745098,1.022156862745098]
[0.6954901960784313,0.7554901960784314]
[-0.03,0.03]
[-0.03,0.03]
[-0.03,0.03]
[-0.03,0.03]
[-0.03,0.03]
[-0.03,0.03]
[-0.03,0.03]
[0.7896078431372549,0.8496078431372549]
[0.962156862745098,1.022156862745098]
[0.777843137254902,0.837843137254902]
[-0.03,0.03]
[-0.03,0.03]
[-0.03,0.03]
[-0.03,0.03]
[-0.03,0.03]
[-0.03,0.03]
[-0.03,0.03]
[-0.03,0.03]
[-0.03,0.03]
[-0.03,0.03]
[-0.03,0.03]
[-0.03,0.03]
[-0.03,0.03]
[0.04450980392156863,0.10450980392156863]
[0.8327450980392157,0.8927450980392158]
[0.9582352941176471,1.0182352941176471]
[0.962156862745098,1.022156862745098]
[0.3307843137254902,0.39078431372549016]
[-0.03,0.03]
[-0.03,0.03]
[-0.03,0.03]
[-0.03,0.03]
[-0.03,0.03]
[-0.03,0.03]
[-0.03,0.03]
[0.42490196078431375,0.4849019607843137]
[0.962156862745098,1.022156862745098]
[0.777843137254902,0.837843137254902]
[-0.03,0.03]
[-0.03,0.03]
[-0.03,0.03]
[-0.03,0.03]
[-0.03,0.03]
[-0.03,0.03]
[-0.03,0.03]
[-0.03,0.03]
[-0.03,0.03]
[-0.03,0.03]
[-0.03,0.03]
[-0.03,0.03]
[-0.03,0.03]
[0.24450980392156865,0.3045098039215687]
[0.9582352941176471,1.0182352941176471]
[0.9582352941176471,1.0182352941176471]
[0.7229411764705882,0.7829411764705883]
[0.03666666666666667,0.09666666666666666]
[-0.03,0.03]
[-0.03,0.03]
[-0.03,0.03]
[-0.03,0.03]
[-0.03,0.03]
[-0.03,0.03]
[-0.03,0.03]
[0.42490196078431375,0.4849019607843137]
[0.962156862745098,1.022156862745098]
[0.8445098039215686,0.9045098039215687]
[0.06803921568627451,0.12803921568627452]
[-0.03,0.03]
[-0.03,0.03]
[-0.03,0.03]
[-0.03,0.03]
[-0.03,0.03]
[-0.03,0.03]
[-0.03,0.03]
[-0.03,0.03]
[-0.03,0.03]
[-0.03,0.03]
[-0.03,0.03]
[-0.03,0.03]
[0.44843137254901966,0.5084313725490196]
[0.9582352941176471,1.0182352941176471]
[0.9582352941176471,1.0182352941176471]
[0.21705882352941178,0.2770588235294118]
[-0.03,0.03]
[-0.03,0.03]
[-0.03,0.03]
[-0.03,0.03]
[-0.03,0.03]
[-0.03,0.03]
[-0.03,0.03]
[-0.03,0.03]
[0.42490196078431375,0.4849019607843137]
[0.962156862745098,1.022156862745098]
[0.9582352941176471,1.0182352941176471]
[0.24058823529411763,0.3005882352941176]
[-0.03,0.03]
[-0.03,0.03]
[-0.03,0.03]
[-0.03,0.03]
[-0.03,0.03]
[-0.03,0.03]
[-0.03,0.03]
[-0.03,0.03]
[-0.03,0.03]
[-0.03,0.03]
[-0.03,0.03]
[-0.03,0.03]
[0.48764705882352943,0.5476470588235295]
[0.962156862745098,1.022156862745098]
[0.962156862745098,1.022156862745098]
[-0.03,0.03]
[-0.03,0.03]
[-0.03,0.03]
[-0.03,0.03]
[-0.03,0.03]
[-0.03,0.03]
[-0.03,0.03]
[-0.03,0.03]
[-0.03,0.03]
[0.42490196078431375,0.4849019607843137]
[0.97,1.03]
[0.962156862745098,1.022156862745098]
[0.24058823529411763,0.3005882352941176]
[-0.03,0.03]
[-0.03,0.03]
[-0.03,0.03]
[-0.03,0.03]
[-0.03,0.03]
[-0.03,0.03]
[-0.03,0.03]
[-0.03,0.03]
[-0.03,0.03]
[-0.03,0.03]
[-0.03,0.03]
[-0.03,0.03]
[0.6915686274509804,0.7515686274509804]
[0.9582352941176471,1.0182352941176471]
[0.9582352941176471,1.0182352941176471]
[-0.03,0.03]
[-0.03,0.03]
[-0.03,0.03]
[-0.03,0.03]
[-0.03,0.03]
[-0.03,0.03]
[-0.03,0.03]
[-0.03,0.03]
[-0.03,0.03]
[0.42490196078431375,0.4849019607843137]
[0.962156862745098,1.022156862745098]
[0.9582352941176471,1.0182352941176471]
[0.24058823529411763,0.3005882352941176]
[-0.03,0.03]
[-0.03,0.03]
[-0.03,0.03]
[-0.03,0.03]
[-0.03,0.03]
[-0.03,0.03]
[-0.03,0.03]
[-0.03,0.03]
[-0.03,0.03]
[-0.03,0.03]
[-0.03,0.03]
[-0.03,0.03]
[0.6915686274509804,0.7515686274509804]
[0.9582352941176471,1.0182352941176471]
[0.9582352941176471,1.0182352941176471]
[-0.03,0.03]
[-0.03,0.03]
[-0.03,0.03]
[-0.03,0.03]
[-0.03,0.03]
[-0.03,0.03]
[-0.03,0.03]
[-0.03,0.03]
[-0.03,0.03]
[0.42490196078431375,0.4849019607843137]
[0.962156862745098,1.022156862745098]
[0.9111764705882353,0.9711764705882353]
[0.16607843137254902,0.22607843137254902]
[-0.03,0.03]
[-0.03,0.03]
[-0.03,0.03]
[-0.03,0.03]
[-0.03,0.03]
[-0.03,0.03]
[-0.03,0.03]
[-0.03,0.03]
[-0.03,0.03]
[-0.03,0.03]
[-0.03,0.03]
[-0.03,0.03]
[0.6915686274509804,0.7515686274509804]
[0.9582352941176471,1.0182352941176471]
[0.9582352941176471,1.0182352941176471]
[-0.03,0.03]
[-0.03,0.03]
[-0.03,0.03]
[-0.03,0.03]
[-0.03,0.03]
[-0.03,0.03]
[-0.03,0.03]
[-0.03,0.03]
[-0.03,0.03]
[0.7935294117647058,0.8535294117647059]
[0.962156862745098,1.022156862745098]
[0.40921568627450977,0.4692156862745098]
[-0.03,0.03]
[-0.03,0.03]
[-0.03,0.03]
[-0.03,0.03]
[-0.03,0.03]
[-0.03,0.03]
[-0.03,0.03]
[-0.03,0.03]
[-0.03,0.03]
[-0.03,0.03]
[-0.03,0.03]
[-0.03,0.03]
[-0.03,0.03]
[0.15823529411764706,0.21823529411764706]
[0.8798039215686274,0.9398039215686275]
[0.9582352941176471,1.0182352941176471]
[0.5896078431372549,0.649607843137255]
[-0.03,0.03]
[-0.03,0.03]
[-0.03,0.03]
[-0.03,0.03]
[-0.03,0.03]
[-0.03,0.03]
[-0.03,0.03]
[-0.03,0.03]
[0.8719607843137255,0.9319607843137255]
[0.8798039215686274,0.9398039215686275]
[0.0013725490196078438,0.06137254901960784]
[-0.03,0.03]
[-0.03,0.03]
[-0.03,0.03]
[-0.03,0.03]
[-0.03,0.03]
[-0.03,0.03]
[-0.03,0.03]
[-0.03,0.03]
[-0.03,0.03]
[-0.03,0.03]
[-0.03,0.03]
[-0.03,0.03]
[-0.03,0.03]
[-0.03,0.03]
[0.3347058823529412,0.39470588235294113]
[0.962156862745098,1.022156862745098]
[0.9268627450980392,0.9868627450980393]
[0.16607843137254902,0.22607843137254902]
[-0.03,0.03]
[-0.03,0.03]
[-0.03,0.03]
[-0.03,0.03]
[-0.03,0.03]
[-0.03,0.03]
[0.5778431372549019,0.6378431372549019]
[0.962156862745098,1.022156862745098]
[0.6288235294117647,0.6888235294117647]
[-0.03,0.03]
[-0.03,0.03]
[-0.03,0.03]
[-0.03,0.03]
[-0.03,0.03]
[-0.03,0.03]
[-0.03,0.03]
[-0.03,0.03]
[-0.03,0.03]
[-0.03,0.03]
[-0.03,0.03]
[-0.03,0.03]
[-0.03,0.03]
[-0.03,0.03]
[-0.03,0.03]
[0.10333333333333333,0.16333333333333333]
[0.6131372549019608,0.6731372549019609]
[0.962156862745098,1.022156862745098]
[0.41313725490196074,0.4731372549019608]
[-0.03,0.03]
[-0.03,0.03]
[-0.03,0.03]
[-0.03,0.03]
[-0.03,0.03]
[0.22882352941176473,0.2888235294117647]
[0.8954901960784314,0.9554901960784314]
[0.8758823529411764,0.9358823529411765]
[0.13470588235294118,0.19470588235294117]
[-0.03,0.03]
[-0.03,0.03]
[-0.03,0.03]
[-0.03,0.03]
[-0.03,0.03]
[-0.03,0.03]
[-0.03,0.03]
[-0.03,0.03]
[-0.03,0.03]
[-0.03,0.03]
[-0.03,0.03]
[-0.03,0.03]
[-0.03,0.03]
[-0.03,0.03]
[-0.03,0.03]
[-0.03,0.03]
[0.09549019607843137,0.15549019607843137]
[0.8405882352941176,0.9005882352941177]
[0.9111764705882353,0.9711764705882353]
[0.49549019607843137,0.5554901960784314]
[-0.03,0.03]
[-0.03,0.03]
[0.11901960784313725,0.17901960784313725]
[0.32686274509803925,0.3868627450980392]
[0.8876470588235293,0.9476470588235294]
[0.9582352941176471,1.0182352941176471]
[0.5072549019607843,0.5672549019607843]
[-0.03,0.03]
[-0.03,0.03]
[-0.03,0.03]
[-0.03,0.03]
[-0.03,0.03]
[-0.03,0.03]
[-0.03,0.03]
[-0.03,0.03]
[-0.03,0.03]
[-0.03,0.03]
[-0.03,0.03]
[-0.03,0.03]
[-0.03,0.03]
[-0.03,0.03]
[-0.03,0.03]
[-0.03,0.03]
[-0.03,0.03]
[-0.03,0.03]
[0.06803921568627451,0.12803921568627452]
[0.6641176470588235,0.7241176470588235]
[0.9111764705882353,0.9711764705882353]
[0.7817647058823529,0.841764705882353]
[0.37392156862745096,0.433921568627451]
[0.8837254901960784,0.9437254901960784]
[0.9582352941176471,1.0182352941176471]
[0.9582352941176471,1.0182352941176471]
[0.6601960784313725,0.7201960784313726]
[0.10725490196078433,0.16725490196078432]
[-0.03,0.03]
[-0.03,0.03]
[-0.03,0.03]
[-0.03,0.03]
[-0.03,0.03]
[-0.03,0.03]
[-0.03,0.03]
[-0.03,0.03]
[-0.03,0.03]
[-0.03,0.03]
[-0.03,0.03]
[-0.03,0.03]
[-0.03,0.03]
[-0.03,0.03]
[-0.03,0.03]
[-0.03,0.03]
[-0.03,0.03]
[-0.03,0.03]
[-0.03,0.03]
[0.028823529411764706,0.0888235294117647]
[0.18176470588235294,0.24176470588235294]
[0.6719607843137254,0.7319607843137255]
[0.9582352941176471,1.0182352941176471]
[0.5072549019607843,0.5672549019607843]
[0.5072549019607843,0.5672549019607843]
[0.18176470588235294,0.24176470588235294]
[-0.014313725490196078,0.04568627450980392]
[-0.03,0.03]
[-0.03,0.03]
[-0.03,0.03]
[-0.03,0.03]
[-0.03,0.03]
[-0.03,0.03]
[-0.03,0.03]
[-0.03,0.03]
[-0.03,0.03]
[-0.03,0.03]
[-0.03,0.03]
[-0.03,0.03]
[-0.03,0.03]
[-0.03,0.03]
[-0.03,0.03]
[-0.03,0.03]
[-0.03,0.03]
[-0.03,0.03]
[-0.03,0.03]
[-0.03,0.03]
[-0.03,0.03]
[-0.03,0.03]
[-0.03,0.03]
[-0.03,0.03]
[-0.03,0.03]
[-0.03,0.03]
[-0.03,0.03]
[-0.03,0.03]
[-0.03,0.03]
[-0.03,0.03]
[-0.03,0.03]
[-0.03,0.03]
[-0.03,0.03]
[-0.03,0.03]
[-0.03,0.03]
[-0.03,0.03]
[-0.03,0.03]
[-0.03,0.03]
[-0.03,0.03]
[-0.03,0.03]
[-0.03,0.03]
[-0.03,0.03]
[-0.03,0.03]
[-0.03,0.03]
[-0.03,0.03]
[-0.03,0.03]
[-0.03,0.03]
[-0.03,0.03]
[-0.03,0.03]
[-0.03,0.03]
[-0.03,0.03]
[-0.03,0.03]
[-0.03,0.03]
[-0.03,0.03]
[-0.03,0.03]
[-0.03,0.03]
[-0.03,0.03]
[-0.03,0.03]
[-0.03,0.03]
[-0.03,0.03]
[-0.03,0.03]
[-0.03,0.03]
[-0.03,0.03]
[-0.03,0.03]
[-0.03,0.03]
[-0.03,0.03]
[-0.03,0.03]
[-0.03,0.03]
[-0.03,0.03]
[-0.03,0.03]
[-0.03,0.03]
[-0.03,0.03]
[-0.03,0.03]
[-0.03,0.03]
[-0.03,0.03]
[-0.03,0.03]
[-0.03,0.03]
[-0.03,0.03]
[-0.03,0.03]
[-0.03,0.03]
[-0.03,0.03]
[-0.03,0.03]
[-0.03,0.03]
[-0.03,0.03]
[-0.03,0.03]
[-0.03,0.03]
[-0.03,0.03]
[-0.03,0.03]
[-0.03,0.03]
[-0.03,0.03]
[-0.03,0.03]
[-0.03,0.03]
[-0.03,0.03]
