[0.0,0.0]
[0.0,0.0]
[0.0,0.0]
[0.0,0.0]
[0.0,0.0]
[0.0,0.0]
[0.0,0.0]
[0.0,0.0]
[0.0,0.0]
[0.0,0.0]
[0.0,0.0]
[0.0,0.0]
[0.0,0.0]
[0.0,0.0]
[0.0,0.0]
[0.0,0.0]
[0.0,0.0]
[0.0,0.0]
[0.0,0.0]
[0.0,0.0]
[0.0,0.0]
[0.0,0.0]
[0.0,0.0]
[0.0,0.0]
[0.0,0.0]
[0.0,0.0]
[0.0,0.0]
[0.0,0.0]
[0.0,0.0]
[0.0,0.0]
[0.0,0.0]
[0.0,0.0]
[0.0,0.0]
[0.0,0.0]
[0.0,0.0]
[0.0,0.0]
[0.0,0.0]
[0.0,0.0]
[0.0,0.0]
[0.0,0.0]
[0.0,0.0]
[0.0,0.0]
[0.0,0.0]
[0.0,0.0]
[0.0,0.0]
[0.0,0.0]
[0.0,0.0]
[0.0,0.0]
[0.0,0.0]
[0.0,0.0]
[0.0,0.0]
[0.0,0.0]
[0.0,0.0]
[0.0,0.0]
[0.0,0.0]
[0.0,0.0]
[0.0,0.0]
[0.0,0.0]
[0.0,0.0]
[0.0,0.0]
[0.0,0.0]
[0.0,0.0]
[0.0,0.0]
[0.0,0.0]
[0.0,0.0]
[0.0,0.0]
[0.0,0.0]
[0.0,0.0]
[0.0,0.0]
[0.0,0.0]
[0.0,0.0]
[0.0,0.0]
[0.0,0.0]
[0.0,0.0]
[0.0,0.0]
[0.0,0.0]
[0.0,0.0]
[0.0,0.0]
[0.0,0.0]
[0.0,0.0]
[0.0,0.0]
[0.0,0.0]
[0.0,0.0]
[0.0,0.0]
[0.0,0.0]
[0.0,0.0]
[0.0,0.0]
[0.0,0.0]
[0.0,0.0]
[0.0,0.0]
[0.0,0.0]
[0.0,0.0]
[0.0,0.0]
[0.0,0.0]
[0.0,0.0]
[0.0,0.0]
[0.0,0.0]
[0.0,0.0]
[0.0,0.0]
[0.0,0.0]
[0.0,0.0]
[0.0,0.0]
[0.0,0.0]
[0.0,0.0]
[0.0,0.0]
[0.0,0.0]
[0.0,0.0]
[0.0,0.0]
[0.0,0.0]
[0.0,0.0]
[0.0,0.0]
[0.0,0.0]
[0.0,0.0]
[0.0,0.0]
[0.0,0.0]
[0.0,0.0]
[0.0,0.0]
[0.0,0.0]
[0.0,0.0]
[0.0,0.0]
[0.0,0.0]
[0.0,0.0]
[0.0,0.0]
[0.0,0.0]
[0.0,0.0]
[0.0,0.0]
[0.0,0.0]
[0.0,0.0]
[0.14901960784313725,0.14901960784313725]
[0.996078431372549,0.996078431372549]
[0.42745098039215684,0.42745098039215684]
[0.0,0.0]
[0.0,0.0]
[0.0,0.0]
[0.0,0.0]
[0.0,0.0]
[0.0,0.0]
[0.0,0.0]
[0.0,0.0]
[0.0,0.0]
[0.0,0.0]
[0.0,0.0]
[0.0,0.0]
[0.0,0.0]
[0.0,0.0]
[0.0,0.0]
[0.0,0.0]
[0.0,0.0]
[0.0,0.0]
[0.0,0.0]
[0.0,0.0]
[0.0,0.0]
[0.0,0.0]
[0.0,0.0]
[0.0,0.0]
[0.0,0.0]
[0.3411764705882353,0.3411764705882353]
[0.9882352941176471,0.9882352941176471]
[0.3215686274509804,0.3215686274509804]
[0.0,0.0]
[0.0,0.0]
[0.0,0.0]
[0.0,0.0]
[0.0,0.0]
[0.0,0.0]
[0.0,0.0]
[0.0,0.0]
[0.0,0.0]
[0.0,0.0]
[0.0,0.0]
[0.0,0.0]
[0.0,0.0]
[0.0,0.0]
[0.0,0.0]
[0.0,0.0]
[0.0,0.0]
[0.0,0.0]
[0.0,0.0]
[0.0,0.0]
[0.0,0.0]
[0.0,0.0]
[0.0,0.0]
[0.0,0.0]
[0.0,0.0]
[0.5294117647058824,0.5294117647058824]
[0.9450980392156862,0.9450980392156862]
[0.0,0.0]
[0.0,0.0]
[0.0,0.0]
[0.0,0.0]
[0.0,0.0]
[0.0,0.0]
[0.0,0.0]
[0.0,0.0]
[0.0,0.0]
[0.0,0.0]
[0.0,0.0]
[0.0,0.0]
[0.0,0.0]
[0.0,0.0]
[0.0,0.0]
[0.0,0.0]
[0.0,0.0]
[0.0,0.0]
[0.0,0.0]
[0.0,0.0]
[0.0,0.0]
[0.0,0.0]
[0.0,0.0]
[0.0,0.0]
[0.0,0.0]
[0.17647058823529413,0.17647058823529413]
[0.9568627450980393,0.9568627450980393]
[0.5882352941176471,0.5882352941176471]
[0.0,0.0]
[0.0,0.0]
[0.0,0.0]
[0.0,0.0]
[0.0,0.0]
[0.0,0.0]
[0.0,0.0]
[0.0,0.0]
[0.0,0.0]
[0.0,0.0]
[0.0,0.0]
[0.0,0.0]
[0.0,0.0]
[0.0,0.0]
[0.0,0.0]
[0.0,0.0]
[0.0,0.0]
[0.0,0.0]
[0.0,0.0]
[0.0,0.0]
[0.0,0.0]
[0.0,0.0]
[0.0,0.0]
[0.0,0.0]
[0.0,0.0]
[0.32941176470588235,0.32941176470588235]
[0.996078431372549,0.996078431372549]
[0.24705882352941178,0.24705882352941178]
[0.0,0.0]
[0.0,0.0]
[0.0,0.0]
[0.0,0.0]
[0.0,0.0]
[0.0,0.0]
[0.0,0.0]
[0.0,0.0]
[0.0,0.0]
[0.0,0.0]
[0.0,0.0]
[0.0,0.0]
[0.0,0.0]
[0.0,0.0]
[0.0,0.0]
[0.0,0.0]
[0.0,0.0]
[0.0,0.0]
[0.0,0.0]
[0.0,0.0]
[0.0,0.0]
[0.0,0.0]
[0.0,0.0]
[0.0,0.0]
[0.0,0.0]
[0.792156862745098,0.792156862745098]
[0.8745098039215686,0.8745098039215686]
[0.043137254901960784,0.043137254901960784]
[0.0,0.0]
[0.0,0.0]
[0.0,0.0]
[0.0,0.0]
[0.0,0.0]
[0.0,0.0]
[0.0,0.0]
[0.0,0.0]
[0.0,0.0]
[0.0,0.0]
[0.0,0.0]
[0.0,0.0]
[0.0,0.0]
[0.0,0.0]
[0.0,0.0]
[0.0,0.0]
[0.0,0.0]
[0.0,0.0]
[0.0,0.0]
[0.0,0.0]
[0.0,0.0]
[0.0,0.0]
[0.0,0.0]
[0.0,0.0]
[0.12549019607843137,0.12549019607843137]
[0.996078431372549,0.996078431372549]
[0.8470588235294118,0.8470588235294118]
[0.0,0.0]
[0.0,0.0]
[0.0,0.0]
[0.0,0.0]
[0.0,0.0]
[0.0,0.0]
[0.0,0.0]
[0.0,0.0]
[0.0,0.0]
[0.0,0.0]
[0.0,0.0]
[0.0,0.0]
[0.0,0.0]
[0.0,0.0]
[0.0,0.0]
[0.0,0.0]
[0.0,0.0]
[0.0,0.0]
[0.0,0.0]
[0.0,0.0]
[0.0,0.0]
[0.0,0.0]
[0.0,0.0]
[0.0,0.0]
[0.0,0.0]
[0.37254901960784315,0.37254901960784315]
[0.996078431372549,0.996078431372549]
[0.7647058823529411,0.7647058823529411]
[0.0,0.0]
[0.0,0.0]
[0.0,0.0]
[0.0,0.0]
[0.0,0.0]
[0.0,0.0]
[0.0,0.0]
[0.0,0.0]
[0.0,0.0]
[0.0,0.0]
[0.0,0.0]
[0.0,0.0]
[0.0,0.0]
[0.0,0.0]
[0.0,0.0]
[0.0,0.0]
[0.0,0.0]
[0.0,0.0]
[0.0,0.0]
[0.0,0.0]
[0.0,0.0]
[0.0,0.0]
[0.0,0.0]
[0.0,0.0]
[0.0,0.0]
[0.5490196078431373,0.5490196078431373]
[0.996078431372549,0.996078431372549]
[0.30196078431372547,0.30196078431372547]
[0.0,0.0]
[0.0,0.0]
[0.0,0.0]
[0.0,0.0]
[0.0,0.0]
[0.0,0.0]
[0.0,0.0]
[0.0,0.0]
[0.0,0.0]
[0.0,0.0]
[0.0,0.0]
[0.0,0.0]
[0.0,0.0]
[0.0,0.0]
[0.0,0.0]
[0.0,0.0]
[0.0,0.0]
[0.0,0.0]
[0.0,0.0]
[0.0,0.0]
[0.0,0.0]
[0.0,0.0]
[0.0,0.0]
[0.0,0.0]
[0.2235294117647059,0.2235294117647059]
[0.9294117647058824,0.9294117647058824]
[0.803921568627451,0.803921568627451]
[0.03137254901960784,0.03137254901960784]
[0.0,0.0]
[0.0,0.0]
[0.0,0.0]
[0.0,0.0]
[0.0,0.0]
[0.0,0.0]
[0.0,0.0]
[0.0,0.0]
[0.0,0.0]
[0.0,0.0]
[0.0,0.0]
[0.0,0.0]
[0.0,0.0]
[0.0,0.0]
[0.0,0.0]
[0.0,0.0]
[0.0,0.0]
[0.0,0.0]
[0.0,0.0]
[0.0,0.0]
[0.0,0.0]
[0.0,0.0]
[0.0,0.0]
[0.0,0.0]
[0.48627450980392156,0.48627450980392156]
[1.0,1.0]
[0.6470588235294118,0.6470588235294118]
[0.0,0.0]
[0.0,0.0]
[0.0,0.0]
[0.0,0.0]
[0.0,0.0]
[0.0,0.0]
[0.0,0.0]
[0.0,0.0]
[0.0,0.0]
[0.0,0.0]
[0.0,0.0]
[0.0,0.0]
[0.0,0.0]
[0.0,0.0]
[0.0,0.0]
[0.0,0.0]
[0.0,0.0]
[0.0,0.0]
[0.0,0.0]
[0.0,0.0]
[0.0,0.0]
[0.0,0.0]
[0.0,0.0]
[0.0,0.0]
[0.0,0.0]
[0.6705882352941176,0.6705882352941176]
[0.996078431372549,0.996078431372549]
[0.3176470588235294,0.3176470588235294]
[0.0,0.0]
[0.0,0.0]
[0.0,0.0]
[0.0,0.0]
[0.0,0.0]
[0.0,0.0]
[0.0,0.0]
[0.0,0.0]
[0.0,0.0]
[0.0,0.0]
[0.0,0.0]
[0.0,0.0]
[0.0,0.0]
[0.0,0.0]
[0.0,0.0]
[0.0,0.0]
[0.0,0.0]
[0.0,0.0]
[0.0,0.0]
[0.0,0.0]
[0.0,0.0]
[0.0,0.0]
[0.0,0.0]
[0.0,0.0]
[0.09411764705882353,0.09411764705882353]
[0.9098039215686274,0.9098039215686274]
[0.8431372549019608,0.8431372549019608]
[0.0,0.0]
[0.0,0.0]
[0.0,0.0]
[0.0,0.0]
[0.0,0.0]
[0.0,0.0]
[0.0,0.0]
[0.0,0.0]
[0.0,0.0]
[0.0,0.0]
[0.0,0.0]
[0.0,0.0]
[0.0,0.0]
[0.0,0.0]
[0.0,0.0]
[0.0,0.0]
[0.0,0.0]
[0.0,0.0]
[0.0,0.0]
[0.0,0.0]
[0.0,0.0]
[0.0,0.0]
[0.0,0.0]
[0.0,0.0]
[0.0,0.0]
[0.47058823529411764,0.47058823529411764]
[0.996078431372549,0.996078431372549]
[0.6235294117647059,0.6235294117647059]
[0.0,0.0]
[0.0,0.0]
[0.0,0.0]
[0.0,0.0]
[0.0,0.0]
[0.0,0.0]
[0.0,0.0]
[0.0,0.0]
[0.0,0.0]
[0.0,0.0]
[0.0,0.0]
[0.0,0.0]
[0.0,0.0]
[0.0,0.0]
[0.0,0.0]
[0.0,0.0]
[0.0,0.0]
[0.0,0.0]
[0.0,0.0]
[0.0,0.0]
[0.0,0.0]
[0.0,0.0]
[0.0,0.0]
[0.0,0.0]
[0.0,0.0]
[0.592156862745098,0.592156862745098]
[0.996078431372549,0.996078431372549]
[0.5568627450980392,0.5568627450980392]
[0.0,0.0]
[0.0,0.0]
[0.0,0.0]
[0.0,0.0]
[0.0,0.0]
[0.0,0.0]
[0.0,0.0]
[0.0,0.0]
[0.0,0.0]
[0.0,0.0]
[0.0,0.0]
[0.0,0.0]
[0.0,0.0]
[0.0,0.0]
[0.0,0.0]
[0.0,0.0]
[0.0,0.0]
[0.0,0.0]
[0.0,0.0]
[0.0,0.0]
[0.0,0.0]
[0.0,0.0]
[0.0,0.0]
[0.0,0.0]
[0.0,0.0]
[0.8941176470588236,0.8941176470588236]
[0.996078431372549,0.996078431372549]
[0.25882352941176473,0.25882352941176473]
[0.0,0.0]
[0.0,0.0]
[0.0,0.0]
[0.0,0.0]
[0.0,0.0]
[0.0,0.0]
[0.0,0.0]
[0.0,0.0]
[0.0,0.0]
[0.0,0.0]
[0.0,0.0]
[0.0,0.0]
[0.0,0.0]
[0.0,0.0]
[0.0,0.0]
[0.0,0.0]
[0.0,0.0]
[0.0,0.0]
[0.0,0.0]
[0.0,0.0]
[0.0,0.0]
[0.0,0.0]
[0.0,0.0]
[0.0,0.0]
[0.23921568627450981,0.23921568627450981]
[0.984313725490196,0.984313725490196]
[0.996078431372549,0.996078431372549]
[0.25882352941176473,0.25882352941176473]
[0.0,0.0]
[0.0,0.0]
[0.0,0.0]
[0.0,0.0]
[0.0,0.0]
[0.0,0.0]
[0.0,0.0]
[0.0,0.0]
[0.0,0.0]
[0.0,0.0]
[0.0,0.0]
[0.0,0.0]
[0.0,0.0]
[0.0,0.0]
[0.0,0.0]
[0.0,0.0]
[0.0,0.0]
[0.0,0.0]
[0.0,0.0]
[0.0,0.0]
[0.0,0.0]
[0.0,0.0]
[0.0,0.0]
[0.0,0.0]
[0.5529411764705883,0.5529411764705883]
[0.996078431372549,0.996078431372549]
[0.803921568627451,0.803921568627451]
[0.011764705882352941,0.011764705882352941]
[0.0,0.0]
[0.0,0.0]
[0.0,0.0]
[0.0,0.0]
[0.0,0.0]
[0.0,0.0]
[0.0,0.0]
[0.0,0.0]
[0.0,0.0]
[0.0,0.0]
[0.0,0.0]
[0.0,0.0]
[0.0,0.0]
[0.0,0.0]
[0.0,0.0]
[0.0,0.0]
[0.0,0.0]
[0.0,0.0]
[0.0,0.0]
[0.0,0.0]
[0.0,0.0]
[0.0,0.0]
[0.0,0.0]
[0.0392156862745098,0.0392156862745098]
[0.8431372549019608,0.8431372549019608]
[0.996078431372549,0.996078431372549]
[0.4745098039215686,0.4745098039215686]
[0.0,0.0]
[0.0,0.0]
[0.0,0.0]
[0.0,0.0]
[0.0,0.0]
[0.0,0.0]
[0.0,0.0]
[0.0,0.0]
[0.0,0.0]
[0.0,0.0]
[0.0,0.0]
[0.0,0.0]
[0.0,0.0]
[0.0,0.0]
[0.0,0.0]
[0.0,0.0]
[0.0,0.0]
[0.0,0.0]
[0.0,0.0]
[0.0,0.0]
[0.0,0.0]
[0.0,0.0]
[0.0,0.0]
[0.0,0.0]
[0.0196078431372549,0.0196078431372549]
[0.7764705882352941,0.7764705882352941]
[0.6901960784313725,0.6901960784313725]
[0.0392156862745098,0.0392156862745098]
[0.0,0.0]
[0.0,0.0]
[0.0,0.0]
[0.0,0.0]
[0.0,0.0]
[0.0,0.0]
[0.0,0.0]
[0.0,0.0]
[0.0,0.0]
[0.0,0.0]
[0.0,0.0]
[0.0,0.0]
[0.0,0.0]
[0.0,0.0]
[0.0,0.0]
[0.0,0.0]
[0.0,0.0]
[0.0,0.0]
[0.0,0.0]
[0.0,0.0]
[0.0,0.0]
[0.0,0.0]
[0.0,0.0]
[0.0,0.0]
[0.0,0.0]
[0.0,0.0]
[0.0,0.0]
[0.0,0.0]
[0.0,0.0]
[0.0,0.0]
[0.0,0.0]
[0.0,0.0]
[0.0,0.0]
[0.0,0.0]
[0.0,0.0]
[0.0,0.0]
[0.0,0.0]
[0.0,0.0]
[0.0,0.0]
[0.0,0.0]
[0.0,0.0]
[0.0,0.0]
[0.0,0.0]
[0.0,0.0]
[0.0,0.0]
[0.0,0.0]
[0.0,0.0]
[0.0,0.0]
[0.0,0.0]
[0.0,0.0]
[0.0,0.0]
[0.0,0.0]
[0.0,0.0]
[0.0,0.0]
[0.0,0.0]
[0.0,0.0]
[0.0,0.0]
[0.0,0.0]
[0.0,0.0]
[0.0,0.0]
[0.0,0.0]
[0.0,0.0]
[0.0,0.0]
[0.0,0.0]
[0.0,0.0]
[0.0,0.0]
[0.0,0.0]
[0.0,0.0]
[0.0,0.0]
[0.0,0.0]
[0.0,0.0]
[0.0,0.0]
[0.0,0.0]
[0.0,0.0]
[0.0,0.0]
[0.0,0.0]
[0.0,0.0]
[0.0,0.0]
[0.0,0.0]
[0.0,0.0]
[0.0,0.0]
[0.0,0.0]
[0.0,0.0]
[0.0,0.0]
[0.0,0.0]
[0.0,0.0]
[0.0,0.0]
[0.0,0.0]
[0.0,0.0]
[0.0,0.0]
[0.0,0.0]
[0.0,0.0]
[0.0,0.0]
[0.0,0.0]
[0.0,0.0]
[0.0,0.0]
[0.0,0.0]
[0.0,0.0]
[0.0,0.0]
[0.0,0.0]
[0.0,0.0]
[0.0,0.0]
[0.0,0.0]
[0.0,0.0]
[0.0,0.0]
[0.0,0.0]
[0.0,0.0]
[0.0,0.0]
[0.0,0.0]
[0.0,0.0]
[0.0,0.0]
[0.0,0.0]
[0.0,0.0]
[0.0,0.0]
[0.0,0.0]
[0.0,0.0]
[0.0,0.0]
[0.0,0.0]
[0.0,0.0]
[0.0,0.0]
[0.0,0.0]
[0.0,0.0]
[0.0,0.0]
[0.0,0.0]
[0.0,0.0]
[0.0,0.0]
[-0.02,0.02]
[-0.02,0.02]
[-0.02,0.02]
[-0.02,0.02]
[-0.02,0.02]
[-0.02,0.02]
[-0.02,0.02]
[-0.02,0.02]
[-0.02,0.02]
[-0.02,0.02]
[-0.02,0.02]
[-0.02,0.02]
[-0.02,0.02]
[-0.02,0.02]
[-0.02,0.02]
[-0.02,0.02]
[-0.02,0.02]
[-0.02,0.02]
[-0.02,0.02]
[-0.02,0.02]
[-0.02,0.02]
[-0.02,0.02]
[-0.02,0.02]
[-0.02,0.02]
[-0.02,0.02]
[-0.02,0.02]
[-0.02,0.02]
[-0.02,0.02]
[-0.02,0.02]
[-0.02,0.02]
[-0.02,0.02]
[-0.02,0.02]
[-0.02,0.02]
[-0.02,0.02]
[-0.02,0.02]
[-0.02,0.02]
[-0.02,0.02]
[-0.02,0.02]
[-0.02,0.02]
[-0.02,0.02]
[-0.02,0.02]
[-0.02,0.02]
[-0.02,0.02]
[-0.02,0.02]
[-0.02,0.02]
[-0.02,0.02]
[-0.02,0.02]
[-0.02,0.02]
[-0.02,0.02]
[-0.02,0.02]
[-0.02,0.02]
[-0.02,0.02]
[-0.02,0.02]
[-0.02,0.02]
[-0.02,0.02]
[-0.02,0.02]
[-0.02,0.02]
[-0.02,0.02]
[-0.02,0.02]
[-0.02,0.02]
[-0.02,0.02]
[-0.02,0.02]
[-0.02,0.02]
[-0.02,0.02]
[-0.02,0.02]
[-0.02,0.02]
[-0.02,0.02]
[-0.02,0.02]
[-0.02,0.02]
[-0.02,0.02]
[-0.02,0.02]
[-0.02,0.02]
[-0.02,0.02]
[-0.02,0.02]
[-0.02,0.02]
[-0.02,0.02]
[-0.02,0.02]
[-0.02,0.02]
[-0.02,0.02]
[-0.02,0.02]
[-0.02,0.02]
[-0.02,0.02]
[-0.02,0.02]
[-0.02,0.02]
[-0.02,0.02]
[-0.02,0.02]
[-0.02,0.02]
[-0.02,0.02]
[-0.02,0.02]
[-0.02,0.02]
[-0.02,0.02]
[-0.02,0.02]
[-0.02,0.02]
[-0.02,0.02]
[-0.02,0.02]
[-0.02,0.02]
[-0.02,0.02]
[-0.02,0.02]
[-0.02,0.02]
[-0.02,0.02]
[-0.02,0.02]
[-0.02,0.02]
[-0.02,0.02]
[-0.02,0.02]
[-0.02,0.02]
[-0.02,0.02]
[-0.02,0.02]
[-0.02,0.02]
[-0.02,0.02]
[-0.02,0.02]
[-0.02,0.02]
[-0.02,0.02]
[-0.02,0.02]
[-0.02,0.02]
[-0.02,0.02]
[-0.02,0.02]
[-0.02,0.02]
[-0.02,0.02]
[-0.02,0.02]
[-0.02,0.02]
[-0.02,0.02]
[-0.02,0.02]
[-0.02,0.02]
[-0.02,0.02]
[-0.02,0.02]
[-0.02,0.02]
[-0.02,0.02]
[-0.02,0.02]
[0.12901960784313726,0.16901960784313724]
[0.976078431372549,1.016078431372549]
[0.4074509803921568,0.44745098039215686]
[-0.02,0.02]
[-0.02,0.02]
[-0.02,0.02]
[-0.02,0.02]
[-0.02,0.02]
[-0.02,0.02]
[-0.02,0.02]
[-0.02,0.02]
[-0.02,0.02]
[-0.02,0.02]
[-0.02,0.02]
[-0.02,0.02]
[-0.02,0.02]
[-0.02,0.02]
[-0.02,0.02]
[-0.02,0.02]
[-0.02,0.02]
[-0.02,0.02]
[-0.02,0.02]
[-0.02,0.02]
[-0.02,0.02]
[-0.02,0.02]
[-0.02,0.02]
[-0.02,0.02]
[-0.02,0.02]
[0.3211764705882353,0.3611764705882353]
[0.9682352941176471,1.0082352941176471]
[0.3015686274509804,0.34156862745098043]
[-0.02,0.02]
[-0.02,0.02]
[-0.02,0.02]
[-0.02,0.02]
[-0.02,0.02]
[-0.02,0.02]
[-0.02,0.02]
[-0.02,0.02]
[-0.02,0.02]
[-0.02,0.02]
[-0.02,0.02]
[-0.02,0.02]
[-0.02,0.02]
[-0.02,0.02]
[-0.02,0.02]
[-0.02,0.02]
[-0.02,0.02]
[-0.02,0.02]
[-0.02,0.02]
[-0.02,0.02]
[-0.02,0.02]
[-0.02,0.02]
[-0.02,0.02]
[-0.02,0.02]
[-0.02,0.02]
[0.5094117647058823,0.5494117647058824]
[0.9250980392156862,0.9650980392156863]
[-0.02,0.02]
[-0.02,0.02]
[-0.02,0.02]
[-0.02,0.02]
[-0.02,0.02]
[-0.02,0.02]
[-0.02,0.02]
[-0.02,0.02]
[-0.02,0.02]
[-0.02,0.02]
[-0.02,0.02]
[-0.02,0.02]
[-0.02,0.02]
[-0.02,0.02]
[-0.02,0.02]
[-0.02,0.02]
[-0.02,0.02]
[-0.02,0.02]
[-0.02,0.02]
[-0.02,0.02]
[-0.02,0.02]
[-0.02,0.02]
[-0.02,0.02]
[-0.02,0.02]
[-0.02,0.02]
[0.15647058823529414,0.19647058823529412]
[0.9368627450980392,0.9768627450980393]
[0.5682352941176471,0.6082352941176471]
[-0.02,0.02]
[-0.02,0.02]
[-0.02,0.02]
[-0.02,0.02]
[-0.02,0.02]
[-0.02,0.02]
[-0.02,0.02]
[-0.02,0.02]
[-0.02,0.02]
[-0.02,0.02]
[-0.02,0.02]
[-0.02,0.02]
[-0.02,0.02]
[-0.02,0.02]
[-0.02,0.02]
[-0.02,0.02]
[-0.02,0.02]
[-0.02,0.02]
[-0.02,0.02]
[-0.02,0.02]
[-0.02,0.02]
[-0.02,0.02]
[-0.02,0.02]
[-0.02,0.02]
[-0.02,0.02]
[0.30941176470588233,0.34941176470588237]
[0.976078431372549,1.016078431372549]
[0.22705882352941179,0.2670588235294118]
[-0.02,0.02]
[-0.02,0.02]
[-0.02,0.02]
[-0.02,0.02]
[-0.02,0.02]
[-0.02,0.02]
[-0.02,0.02]
[-0.02,0.02]
[-0.02,0.02]
[-0.02,0.02]
[-0.02,0.02]
[-0.02,0.02]
[-0.02,0.02]
[-0.02,0.02]
[-0.02,0.02]
[-0.02,0.02]
[-0.02,0.02]
[-0.02,0.02]
[-0.02,0.02]
[-0.02,0.02]
[-0.02,0.02]
[-0.02,0.02]
[-0.02,0.02]
[-0.02,0.02]
[-0.02,0.02]
[0.772156862745098,0.812156862745098]
[0.8545098039215686,0.8945098039215686]
[0.023137254901960783,0.06313725490196079]
[-0.02,0.02]
[-0.02,0.02]
[-0.02,0.02]
[-0.02,0.02]
[-0.02,0.02]
[-0.02,0.02]
[-0.02,0.02]
[-0.02,0.02]
[-0.02,0.02]
[-0.02,0.02]
[-0.02,0.02]
[-0.02,0.02]
[-0.02,0.02]
[-0.02,0.02]
[-0.02,0.02]
[-0.02,0.02]
[-0.02,0.02]
[-0.02,0.02]
[-0.02,0.02]
[-0.02,0.02]
[-0.02,0.02]
[-0.02,0.02]
[-0.02,0.02]
[-0.02,0.02]
[0.10549019607843137,0.14549019607843136]
[0.976078431372549,1.016078431372549]
[0.8270588235294117,0.8670588235294118]
[-0.02,0.02]
[-0.02,0.02]
[-0.02,0.02]
[-0.02,0.02]
[-0.02,0.02]
[-0.02,0.02]
[-0.02,0.02]
[-0.02,0.02]
[-0.02,0.02]
[-0.02,0.02]
[-0.02,0.02]
[-0.02,0.02]
[-0.02,0.02]
[-0.02,0.02]
[-0.02,0.02]
[-0.02,0.02]
[-0.02,0.02]
[-0.02,0.02]
[-0.02,0.02]
[-0.02,0.02]
[-0.02,0.02]
[-0.02,0.02]
[-0.02,0.02]
[-0.02,0.02]
[-0.02,0.02]
[0.35254901960784313,0.39254901960784316]
[0.976078431372549,1.016078431372549]
[0.7447058823529411,0.7847058823529411]
[-0.02,0.02]
[-0.02,0.02]
[-0.02,0.02]
[-0.02,0.02]
[-0.02,0.02]
[-0.02,0.02]
[-0.02,0.02]
[-0.02,0.02]
[-0.02,0.02]
[-0.02,0.02]
[-0.02,0.02]
[-0.02,0.02]
[-0.02,0.02]
[-0.02,0.02]
[-0.02,0.02]
[-0.02,0.02]
[-0.02,0.02]
[-0.02,0.02]
[-0.02,0.02]
[-0.02,0.02]
[-0.02,0.02]
[-0.02,0.02]
[-0.02,0.02]
[-0.02,0.02]
[-0.02,0.02]
[0.5290196078431373,0.5690196078431373]
[0.976078431372549,1.016078431372549]
[0.28196078431372545,0.3219607843137255]
[-0.02,0.02]
[-0.02,0.02]
[-0.02,0.02]
[-0.02,0.02]
[-0.02,0.02]
[-0.02,0.02]
[-0.02,0.02]
[-0.02,0.02]
[-0.02,0.02]
[-0.02,0.02]
[-0.02,0.02]
[-0.02,0.02]
[-0.02,0.02]
[-0.02,0.02]
[-0.02,0.02]
[-0.02,0.02]
[-0.02,0.02]
[-0.02,0.02]
[-0.02,0.02]
[-0.02,0.02]
[-0.02,0.02]
[-0.02,0.02]
[-0.02,0.02]
[-0.02,0.02]
[0.2035294117647059,0.24352941176470588]
[0.9094117647058824,0.9494117647058824]
[0.783921568627451,0.823921568627451]
[0.011372549019607842,0.05137254901960785]
[-0.02,0.02]
[-0.02,0.02]
[-0.02,0.02]
[-0.02,0.02]
[-0.02,0.02]
[-0.02,0.02]
[-0.02,0.02]
[-0.02,0.02]
[-0.02,0.02]
[-0.02,0.02]
[-0.02,0.02]
[-0.02,0.02]
[-0.02,0.02]
[-0.02,0.02]
[-0.02,0.02]
[-0.02,0.02]
[-0.02,0.02]
[-0.02,0.02]
[-0.02,0.02]
[-0.02,0.02]
[-0.02,0.02]
[-0.02,0.02]
[-0.02,0.02]
[-0.02,0.02]
[0.46627450980392154,0.5062745098039215]
[0.98,1.02]
[0.6270588235294118,0.6670588235294118]
[-0.02,0.02]
[-0.02,0.02]
[-0.02,0.02]
[-0.02,0.02]
[-0.02,0.02]
[-0.02,0.02]
[-0.02,0.02]
[-0.02,0.02]
[-0.02,0.02]
[-0.02,0.02]
[-0.02,0.02]
[-0.02,0.02]
[-0.02,0.02]
[-0.02,0.02]
[-0.02,0.02]
[-0.02,0.02]
[-0.02,0.02]
[-0.02,0.02]
[-0.02,0.02]
[-0.02,0.02]
[-0.02,0.02]
[-0.02,0.02]
[-0.02,0.02]
[-0.02,0.02]
[-0.02,0.02]
[0.6505882352941176,0.6905882352941176]
[0.976078431372549,1.016078431372549]
[0.2976470588235294,0.3376470588235294]
[-0.02,0.02]
[-0.02,0.02]
[-0.02,0.02]
[-0.02,0.02]
[-0.02,0.02]
[-0.02,0.02]
[-0.02,0.02]
[-0.02,0.02]
[-0.02,0.02]
[-0.02,0.02]
[-0.02,0.02]
[-0.02,0.02]
[-0.02,0.02]
[-0.02,0.02]
[-0.02,0.02]
[-0.02,0.02]
[-0.02,0.02]
[-0.02,0.02]
[-0.02,0.02]
[-0.02,0.02]
[-0.02,0.02]
[-0.02,0.02]
[-0.02,0.02]
[-0.02,0.02]
[0.07411764705882352,0.11411764705882353]
[0.8898039215686274,0.9298039215686275]
[0.8231372549019608,0.8631372549019608]
[-0.02,0.02]
[-0.02,0.02]
[-0.02,0.02]
[-0.02,0.02]
[-0.02,0.02]
[-0.02,0.02]
[-0.02,0.02]
[-0.02,0.02]
[-0.02,0.02]
[-0.02,0.02]
[-0.02,0.02]
[-0.02,0.02]
[-0.02,0.02]
[-0.02,0.02]
[-0.02,0.02]
[-0.02,0.02]
[-0.02,0.02]
[-0.02,0.02]
[-0.02,0.02]
[-0.02,0.02]
[-0.02,0.02]
[-0.02,0.02]
[-0.02,0.02]
[-0.02,0.02]
[-0.02,0.02]
[0.4505882352941176,0.49058823529411766]
[0.976078431372549,1.016078431372549]
[0.6035294117647059,0.6435294117647059]
[-0.02,0.02]
[-0.02,0.02]
[-0.02,0.02]
[-0.02,0.02]
[-0.02,0.02]
[-0.02,0.02]
[-0.02,0.02]
[-0.02,0.02]
[-0.02,0.02]
[-0.02,0.02]
[-0.02,0.02]
[-0.02,0.02]
[-0.02,0.02]
[-0.02,0.02]
[-0.02,0.02]
[-0.02,0.02]
[-0.02,0.02]
[-0.02,0.02]
[-0.02,0.02]
[-0.02,0.02]
[-0.02,0.02]
[-0.02,0.02]
[-0.02,0.02]
[-0.02,0.02]
[-0.02,0.02]
[0.572156862745098,0.6121568627450981]
[0.976078431372549,1.016078431372549]
[0.5368627450980392,0.5768627450980393]
[-0.02,0.02]
[-0.02,0.02]
[-0.02,0.02]
[-0.02,0.02]
[-0.02,0.02]
[-0.02,0.02]
[-0.02,0.02]
[-0.02,0.02]
[-0.02,0.02]
[-0.02,0.02]
[-0.02,0.02]
[-0.02,0.02]
[-0.02,0.02]
[-0.02,0.02]
[-0.02,0.02]
[-0.02,0.02]
[-0.02,0.02]
[-0.02,0.02]
[-0.02,0.02]
[-0.02,0.02]
[-0.02,0.02]
[-0.02,0.02]
[-0.02,0.02]
[-0.02,0.02]
[-0.02,0.02]
[0.8741176470588236,0.9141176470588236]
[0.976078431372549,1.016078431372549]
[0.23882352941176474,0.27882352941176475]
[-0.02,0.02]
[-0.02,0.02]
[-0.02,0.02]
[-0.02,0.02]
[-0.02,0.02]
[-0.02,0.02]
[-0.02,0.02]
[-0.02,0.02]
[-0.02,0.02]
[-0.02,0.02]
[-0.02,0.02]
[-0.02,0.02]
[-0.02,0.02]
[-0.02,0.02]
[-0.02,0.02]
[-0.02,0.02]
[-0.02,0.02]
[-0.02,0.02]
[-0.02,0.02]
[-0.02,0.02]
[-0.02,0.02]
[-0.02,0.02]
[-0.02,0.02]
[-0.02,0.02]
[0.21921568627450982,0.2592156862745098]
[0.964313725490196,1.004313725490196]
[0.976078431372549,1.016078431372549]
[0.23882352941176474,0.27882352941176475]
[-0.02,0.02]
[-0.02,0.02]
[-0.02,0.02]
[-0.02,0.02]
[-0.02,0.02]
[-0.02,0.02]
[-0.02,0.02]
[-0.02,0.02]
[-0.02,0.02]
[-0.02,0.02]
[-0.02,0.02]
[-0.02,0.02]
[-0.02,0.02]
[-0.02,0.02]
[-0.02,0.02]
[-0.02,0.02]
[-0.02,0.02]
[-0.02,0.02]
[-0.02,0.02]
[-0.02,0.02]
[-0.02,0.02]
[-0.02,0.02]
[-0.02,0.02]
[-0.02,0.02]
[0.5329411764705883,0.5729411764705883]
[0.976078431372549,1.016078431372549]
[0.783921568627451,0.823921568627451]
[-0.00823529411764706,0.031764705882352945]
[-0.02,0.02]
[-0.02,0.02]
[-0.02,0.02]
[-0.02,0.02]
[-0.02,0.02]
[-0.02,0.02]
[-0.02,0.02]
[-0.02,0.02]
[-0.02,0.02]
[-0.02,0.02]
[-0.02,0.02]
[-0.02,0.02]
[-0.02,0.02]
[-0.02,0.02]
[-0.02,0.02]
[-0.02,0.02]
[-0.02,0.02]
[-0.02,0.02]
[-0.02,0.02]
[-0.02,0.02]
[-0.02,0.02]
[-0.02,0.02]
[-0.02,0.02]
[0.019215686274509803,0.05921568627450981]
[0.8231372549019608,0.8631372549019608]
[0.976078431372549,1.016078431372549]
[0.4545098039215686,0.4945098039215686]
[-0.02,0.02]
[-0.02,0.02]
[-0.02,0.02]
[-0.02,0.02]
[-0.02,0.02]
[-0.02,0.02]
[-0.02,0.02]
[-0.02,0.02]
[-0.02,0.02]
[-0.02,0.02]
[-0.02,0.02]
[-0.02,0.02]
[-0.02,0.02]
[-0.02,0.02]
[-0.02,0.02]
[-0.02,0.02]
[-0.02,0.02]
[-0.02,0.02]
[-0.02,0.02]
[-0.02,0.02]
[-0.02,0.02]
[-0.02,0.02]
[-0.02,0.02]
[-0.02,0.02]
[-0.00039215686274509873,0.039607843137254906]
[0.7564705882352941,0.7964705882352942]
[0.6701960784313725,0.7101960784313726]
[0.019215686274509803,0.05921568627450981]
[-0.02,0.02]
[-0.02,0.02]
[-0.02,0.02]
[-0.02,0.02]
[-0.02,0.02]
[-0.02,0.02]
[-0.02,0.02]
[-0.02,0.02]
[-0.02,0.02]
[-0.02,0.02]
[-0.02,0.02]
[-0.02,0.02]
[-0.02,0.02]
[-0.02,0.02]
[-0.02,0.02]
[-0.02,0.02]
[-0.02,0.02]
[-0.02,0.02]
[-0.02,0.02]
[-0.02,0.02]
[-0.02,0.02]
[-0.02,0.02]
[-0.02,0.02]
[-0.02,0.02]
[-0.02,0.02]
[-0.02,0.02]
[-0.02,0.02]
[-0.02,0.02]
[-0.02,0.02]
[-0.02,0.02]
[-0.02,0.02]
[-0.02,0.02]
[-0.02,0.02]
[-0.02,0.02]
[-0.02,0.02]
[-0.02,0.02]
[-0.02,0.02]
[-0.02,0.02]
[-0.02,0.02]
[-0.02,0.02]
[-0.02,0.02]
[-0.02,0.02]
[-0.02,0.02]
[-0.02,0.02]
[-0.02,0.02]
[-0.02,0.02]
[-0.02,0.02]
[-0.02,0.02]
[-0.02,0.02]
[-0.02,0.02]
[-0.02,0.02]
[-0.02,0.02]
[-0.02,0.02]
[-0.02,0.02]
[-0.02,0.02]
[-0.02,0.02]
[-0.02,0.02]
[-0.02,0.02]
[-0.02,0.02]
[-0.02,0.02]
[-0.02,0.02]
[-0.02,0.02]
[-0.02,0.02]
[-0.02,0.02]
[-0.02,0.02]
[-0.02,0.02]
[-0.02,0.02]
[-0.02,0.02]
[-0.02,0.02]
[-0.02,0.02]
[-0.02,0.02]
[-0.02,0.02]
[-0.02,0.02]
[-0.02,0.02]
[-0.02,0.02]
[-0.02,0.02]
[-0.02,0.02]
[-0.02,0.02]
[-0.02,0.02]
[-0.02,0.02]
[-0.02,0.02]
[-0.02,0.02]
[-0.02,0.02]
[-0.02,0.02]
[-0.02,0.02]
[-0.02,0.02]
[-0.02,0.02]
[-0.02,0.02]
[-0.02,0.02]
[-0.02,0.02]
[-0.02,0.02]
[-0.02,0.02]
[-0.02,0.02]
[-0.02,0.02]
[-0.02,0.02]
[-0.02,0.02]
[-0.02,0.02]
[-0.02,0.02]
[-0.02,0.02]
[-0.02,0.02]
[-0.02,0.02]
[-0.02,0.02]
[-0.02,0.02]
[-0.02,0.02]
[-0.02,0.02]
[-0.02,0.02]
[-0.02,0.02]
[-0.02,0.02]
[-0.02,0.02]
[-0.02,0.02]
[-0.02,0.02]
[-0.02,0.02]
[-0.02,0.02]
[-0.02,0.02]
[-0.02,0.02]
[-0.02,0.02]
[-0.02,0.02]
[-0.02,0.02]
[-0.02,0.02]
[-0.02,0.02]
[-0.02,0.02]
[-0.02,0.02]
[-0.02,0.02]
[-0.02,0.02]
[-0.02,0.02]
[-0.02,0.02]
