[0.0,0.0]
[0.0,0.0]
[0.0,0.0]
[0.0,0.0]
[0.0,0.0]
[0.0,0.0]
[0.0,0.0]
[0.0,0.0]
[0.0,0.0]
[0.0,0.0]
[0.0,0.0]
[0.0,0.0]
[0.0,0.0]
[0.0,0.0]
[0.0,0.0]
[0.0,0.0]
[0.0,0.0]
[0.0,0.0]
[0.0,0.0]
[0.0,0.0]
[0.0,0.0]
[0.0,0.0]
[0.0,0.0]
[0.0,0.0]
[0.0,0.0]
[0.0,0.0]
[0.0,0.0]
[0.0,0.0]
[0.0,0.0]
[0.0,0.0]
[0.0,0.0]
[0.0,0.0]
[0.0,0.0]
[0.0,0.0]
[0.0,0.0]
[0.0,0.0]
[0.0,0.0]
[0.0,0.0]
[0.0,0.0]
[0.0,0.0]
[0.0,0.0]
[0.0,0.0]
[0.0,0.0]
[0.0,0.0]
[0.0,0.0]
[0.0,0.0]
[0.0,0.0]
[0.0,0.0]
[0.0,0.0]
[0.0,0.0]
[0.0,0.0]
[0.0,0.0]
[0.0,0.0]
[0.0,0.0]
[0.0,0.0]
[0.0,0.0]
[0.0,0.0]
[0.0,0.0]
[0.0,0.0]
[0.0,0.0]
[0.0,0.0]
[0.0,0.0]
[0.0,0.0]
[0.0,0.0]
[0.0,0.0]
[0.0,0.0]
[0.0,0.0]
[0.0,0.0]
[0.0,0.0]
[0.0,0.0]
[0.0,0.0]
[0.0,0.0]
[0.0,0.0]
[0.0,0.0]
[0.0,0.0]
[0.0,0.0]
[0.0,0.0]
[0.0,0.0]
[0.0,0.0]
[0.0,0.0]
[0.0,0.0]
[0.0,0.0]
[0.0,0.0]
[0.0,0.0]
[0.0,0.0]
[0.0,0.0]
[0.0,0.0]
[0.0,0.0]
[0.0,0.0]
[0.0,0.0]
[0.0,0.0]
[0.0,0.0]
[0.0,0.0]
[0.0,0.0]
[0.0,0.0]
[0.0,0.0]
[0.0,0.0]
[0.0,0.0]
[0.0,0.0]
[0.0,0.0]
[0.0,0.0]
[0.0,0.0]
[0.0,0.0]
[0.0,0.0]
[0.0,0.0]
[0.0,0.0]
[0.0,0.0]
[0.0,0.0]
[0.0,0.0]
[0.0,0.0]
[0.0,0.0]
[0.0,0.0]
[0.0,0.0]
[0.0,0.0]
[0.0,0.0]
[0.0,0.0]
[0.0,0.0]
[0.0,0.0]
[0.0,0.0]
[0.0,0.0]
[0.0,0.0]
[0.0,0.0]
[0.0,0.0]
[0.0,0.0]
[0.0,0.0]
[0.0,0.0]
[0.0,0.0]
[0.0,0.0]
[0.0,0.0]
[0.0,0.0]
[0.0,0.0]
[0.0,0.0]
[0.0,0.0]
[0.0,0.0]
[0.0,0.0]
[0.0,0.0]
[0.0,0.0]
[0.0,0.0]
[0.0,0.0]
[0.0,0.0]
[0.0,0.0]
[0.0,0.0]
[0.0,0.0]
[0.0,0.0]
[0.0,0.0]
[0.0,0.0]
[0.0,0.0]
[0.0,0.0]
[0.0,0.0]
[0.0,0.0]
[0.0,0.0]
[0.0,0.0]
[0.0,0.0]
[0.0,0.0]
[0.0,0.0]
[0.0,0.0]
[0.0,0.0]
[0.0,0.0]
[0.0,0.0]
[0.0,0.0]
[0.0,0.0]
[0.0,0.0]
[0.0,0.0]
[0.0,0.0]
[0.0,0.0]
[0.0,0.0]
[0.0,0.0]
[0.0,0.0]
[0.0,0.0]
[0.0,0.0]
[0.0,0.0]
[0.0,0.0]
[0.0,0.0]
[0.0,0.0]
[0.0,0.0]
[0.0,0.0]
[0.0,0.0]
[0.0,0.0]
[0.0,0.0]
[0.0,0.0]
[0.0,0.0]
[0.0,0.0]
[0.0,0.0]
[0.0,0.0]
[0.0,0.0]
[0.0,0.0]
[0.0,0.0]
[0.0,0.0]
[0.0,0.0]
[0.0,0.0]
[0.0,0.0]
[0.0,0.0]
[0.0,0.0]
[0.0,0.0]
[0.0,0.0]
[0.0,0.0]
[0.0,0.0]
[0.0,0.0]
[0.0,0.0]
[0.0,0.0]
[0.0,0.0]
[0.0,0.0]
[0.0,0.0]
[0.0,0.0]
[0.0,0.0]
[0.0,0.0]
[0.0,0.0]
[0.0,0.0]
[0.0,0.0]
[0.0,0.0]
[0.0,0.0]
[0.0,0.0]
[0.0,0.0]
[0.0,0.0]
[0.0,0.0]
[0.0,0.0]
[0.0,0.0]
[0.0,0.0]
[0.0,0.0]
[0.0,0.0]
[0.0,0.0]
[0.0,0.0]
[0.0,0.0]
[0.0,0.0]
[0.0,0.0]
[0.0,0.0]
[0.0,0.0]
[0.0,0.0]
[0.0,0.0]
[0.0,0.0]
[0.08235294117647059,0.08235294117647059]
[0.0,0.0]
[0.0,0.0]
[0.0,0.0]
[0.043137254901960784,0.043137254901960784]
[0.3607843137254902,0.3607843137254902]
[0.6784313725490196,0.6784313725490196]
[0.9921568627450981,0.9921568627450981]
[0.996078431372549,0.996078431372549]
[0.9921568627450981,0.9921568627450981]
[0.996078431372549,0.996078431372549]
[0.9921568627450981,0.9921568627450981]
[0.24313725490196078,0.24313725490196078]
[0.0,0.0]
[0.0,0.0]
[0.0,0.0]
[0.0,0.0]
[0.0,0.0]
[0.0,0.0]
[0.0,0.0]
[0.0,0.0]
[0.0,0.0]
[0.0,0.0]
[0.0,0.0]
[0.0,0.0]
[0.0,0.0]
[0.0,0.0]
[0.0,0.0]
[0.5568627450980392,0.5568627450980392]
[0.0,0.0]
[0.08235294117647059,0.08235294117647059]
[0.4,0.4]
[0.8352941176470589,0.8352941176470589]
[0.9882352941176471,0.9882352941176471]
[0.9137254901960784,0.9137254901960784]
[0.592156862745098,0.592156862745098]
[0.5137254901960784,0.5137254901960784]
[0.5137254901960784,0.5137254901960784]
[0.9921568627450981,0.9921568627450981]
[0.9882352941176471,0.9882352941176471]
[0.5568627450980392,0.5568627450980392]
[0.0,0.0]
[0.0,0.0]
[0.0,0.0]
[0.0,0.0]
[0.0,0.0]
[0.0,0.0]
[0.0,0.0]
[0.0,0.0]
[0.0,0.0]
[0.0,0.0]
[0.0,0.0]
[0.0,0.0]
[0.0,0.0]
[0.0,0.0]
[0.6392156862745098,0.6392156862745098]
[0.596078431372549,0.596078431372549]
[0.596078431372549,0.596078431372549]
[0.8392156862745098,0.8392156862745098]
[0.9137254901960784,0.9137254901960784]
[0.7176470588235294,0.7176470588235294]
[0.4,0.4]
[0.0,0.0]
[0.0,0.0]
[0.0,0.0]
[0.0,0.0]
[0.5176470588235295,0.5176470588235295]
[0.9921568627450981,0.9921568627450981]
[1.0,1.0]
[0.19607843137254902,0.19607843137254902]
[0.0,0.0]
[0.0,0.0]
[0.0,0.0]
[0.0,0.0]
[0.0,0.0]
[0.0,0.0]
[0.0,0.0]
[0.0,0.0]
[0.0,0.0]
[0.0,0.0]
[0.0,0.0]
[0.0,0.0]
[0.3215686274509804,0.3215686274509804]
[0.9529411764705882,0.9529411764705882]
[0.9921568627450981,0.9921568627450981]
[0.9882352941176471,0.9882352941176471]
[0.5137254901960784,0.5137254901960784]
[0.11764705882352941,0.11764705882352941]
[0.0,0.0]
[0.0,0.0]
[0.0,0.0]
[0.0,0.0]
[0.0,0.0]
[0.0,0.0]
[0.0392156862745098,0.0392156862745098]
[0.8313725490196079,0.8313725490196079]
[0.9921568627450981,0.9921568627450981]
[0.5137254901960784,0.5137254901960784]
[0.0,0.0]
[0.0,0.0]
[0.0,0.0]
[0.0,0.0]
[0.0,0.0]
[0.0,0.0]
[0.0,0.0]
[0.0,0.0]
[0.0,0.0]
[0.0,0.0]
[0.0,0.0]
[0.0,0.0]
[0.4823529411764706,0.4823529411764706]
[0.796078431372549,0.796078431372549]
[0.4,0.4]
[0.0784313725490196,0.0784313725490196]
[0.0,0.0]
[0.0,0.0]
[0.0,0.0]
[0.0,0.0]
[0.0,0.0]
[0.0,0.0]
[0.0,0.0]
[0.0,0.0]
[0.0,0.0]
[0.796078431372549,0.796078431372549]
[1.0,1.0]
[0.592156862745098,0.592156862745098]
[0.0,0.0]
[0.0,0.0]
[0.0,0.0]
[0.0,0.0]
[0.0,0.0]
[0.0,0.0]
[0.0,0.0]
[0.0,0.0]
[0.0,0.0]
[0.0,0.0]
[0.0,0.0]
[0.0,0.0]
[0.0,0.0]
[0.0,0.0]
[0.0,0.0]
[0.0,0.0]
[0.0,0.0]
[0.0,0.0]
[0.0,0.0]
[0.0,0.0]
[0.0,0.0]
[0.0,0.0]
[0.0,0.0]
[0.0,0.0]
[0.0,0.0]
[0.6352941176470588,0.6352941176470588]
[0.9921568627450981,0.9921568627450981]
[0.592156862745098,0.592156862745098]
[0.0,0.0]
[0.0,0.0]
[0.0,0.0]
[0.0,0.0]
[0.0,0.0]
[0.0,0.0]
[0.0,0.0]
[0.0,0.0]
[0.0,0.0]
[0.0,0.0]
[0.0,0.0]
[0.0,0.0]
[0.0,0.0]
[0.0,0.0]
[0.0,0.0]
[0.0,0.0]
[0.0,0.0]
[0.0,0.0]
[0.0,0.0]
[0.0,0.0]
[0.0,0.0]
[0.0,0.0]
[0.0,0.0]
[0.0,0.0]
[0.0,0.0]
[0.4,0.4]
[0.996078431372549,0.996078431372549]
[0.592156862745098,0.592156862745098]
[0.0,0.0]
[0.0,0.0]
[0.0,0.0]
[0.0,0.0]
[0.0,0.0]
[0.0,0.0]
[0.0,0.0]
[0.0,0.0]
[0.0,0.0]
[0.0,0.0]
[0.0,0.0]
[0.0,0.0]
[0.0,0.0]
[0.0,0.0]
[0.0,0.0]
[0.0,0.0]
[0.0,0.0]
[0.0,0.0]
[0.0,0.0]
[0.0,0.0]
[0.0,0.0]
[0.0,0.0]
[0.0,0.0]
[0.0,0.0]
[0.0,0.0]
[0.4,0.4]
[0.9921568627450981,0.9921568627450981]
[0.592156862745098,0.592156862745098]
[0.0,0.0]
[0.0,0.0]
[0.0,0.0]
[0.0,0.0]
[0.0,0.0]
[0.0,0.0]
[0.0,0.0]
[0.0,0.0]
[0.0,0.0]
[0.0,0.0]
[0.0,0.0]
[0.0,0.0]
[0.0,0.0]
[0.0,0.0]
[0.0,0.0]
[0.0,0.0]
[0.0,0.0]
[0.0,0.0]
[0.0,0.0]
[0.0,0.0]
[0.0,0.0]
[0.0,0.0]
[0.0,0.0]
[0.0,0.0]
[0.0,0.0]
[0.6392156862745098,0.6392156862745098]
[0.996078431372549,0.996078431372549]
[0.3568627450980392,0.3568627450980392]
[0.0,0.0]
[0.0,0.0]
[0.0,0.0]
[0.0,0.0]
[0.0,0.0]
[0.0,0.0]
[0.0,0.0]
[0.0,0.0]
[0.0,0.0]
[0.0,0.0]
[0.0,0.0]
[0.0,0.0]
[0.0,0.0]
[0.0,0.0]
[0.0,0.0]
[0.0,0.0]
[0.0,0.0]
[0.0,0.0]
[0.0,0.0]
[0.0,0.0]
[0.0,0.0]
[0.0,0.0]
[0.0,0.0]
[0.0,0.0]
[0.0,0.0]
[0.796078431372549,0.796078431372549]
[0.9921568627450981,0.9921568627450981]
[0.19607843137254902,0.19607843137254902]
[0.0,0.0]
[0.0,0.0]
[0.0,0.0]
[0.0,0.0]
[0.0,0.0]
[0.0,0.0]
[0.0,0.0]
[0.0,0.0]
[0.0,0.0]
[0.0,0.0]
[0.0,0.0]
[0.0,0.0]
[0.0,0.0]
[0.0,0.0]
[0.0,0.0]
[0.0,0.0]
[0.0,0.0]
[0.0,0.0]
[0.0,0.0]
[0.0,0.0]
[0.0,0.0]
[0.0,0.0]
[0.0,0.0]
[0.0,0.0]
[0.0,0.0]
[0.796078431372549,0.796078431372549]
[0.796078431372549,0.796078431372549]
[0.0,0.0]
[0.0,0.0]
[0.0,0.0]
[0.0,0.0]
[0.0,0.0]
[0.0,0.0]
[0.0,0.0]
[0.0,0.0]
[0.0,0.0]
[0.0,0.0]
[0.0,0.0]
[0.0,0.0]
[0.0,0.0]
[0.0,0.0]
[0.0,0.0]
[0.0,0.0]
[0.0,0.0]
[0.0,0.0]
[0.0,0.0]
[0.0,0.0]
[0.0,0.0]
[0.0,0.0]
[0.0,0.0]
[0.0,0.0]
[0.0,0.0]
[0.08235294117647059,0.08235294117647059]
[0.8745098039215686,0.8745098039215686]
[0.47843137254901963,0.47843137254901963]
[0.0,0.0]
[0.0,0.0]
[0.0,0.0]
[0.0,0.0]
[0.0,0.0]
[0.0,0.0]
[0.0,0.0]
[0.0,0.0]
[0.0,0.0]
[0.0,0.0]
[0.0,0.0]
[0.0,0.0]
[0.0,0.0]
[0.0,0.0]
[0.0,0.0]
[0.0,0.0]
[0.0,0.0]
[0.0,0.0]
[0.0,0.0]
[0.0,0.0]
[0.0,0.0]
[0.0,0.0]
[0.0,0.0]
[0.0,0.0]
[0.0,0.0]
[0.2823529411764706,0.2823529411764706]
[0.9921568627450981,0.9921568627450981]
[0.4,0.4]
[0.0,0.0]
[0.0,0.0]
[0.0,0.0]
[0.0,0.0]
[0.0,0.0]
[0.0,0.0]
[0.0,0.0]
[0.0,0.0]
[0.0,0.0]
[0.0,0.0]
[0.0,0.0]
[0.0,0.0]
[0.0,0.0]
[0.0,0.0]
[0.0,0.0]
[0.0,0.0]
[0.0,0.0]
[0.0,0.0]
[0.0,0.0]
[0.0,0.0]
[0.0,0.0]
[0.0,0.0]
[0.0,0.0]
[0.0,0.0]
[0.0,0.0]
[0.9137254901960784,0.9137254901960784]
[0.9882352941176471,0.9882352941176471]
[0.4,0.4]
[0.0,0.0]
[0.0,0.0]
[0.0,0.0]
[0.0,0.0]
[0.0,0.0]
[0.0,0.0]
[0.0,0.0]
[0.0,0.0]
[0.0,0.0]
[0.0,0.0]
[0.0,0.0]
[0.0,0.0]
[0.0,0.0]
[0.0,0.0]
[0.0,0.0]
[0.0,0.0]
[0.0,0.0]
[0.0,0.0]
[0.0,0.0]
[0.0,0.0]
[0.0,0.0]
[0.0,0.0]
[0.0,0.0]
[0.0,0.0]
[0.0,0.0]
[0.996078431372549,0.996078431372549]
[0.9137254901960784,0.9137254901960784]
[0.0,0.0]
[0.0,0.0]
[0.0,0.0]
[0.0,0.0]
[0.0,0.0]
[0.0,0.0]
[0.0,0.0]
[0.0,0.0]
[0.0,0.0]
[0.0,0.0]
[0.0,0.0]
[0.0,0.0]
[0.0,0.0]
[0.0,0.0]
[0.0,0.0]
[0.0,0.0]
[0.0,0.0]
[0.0,0.0]
[0.0,0.0]
[0.0,0.0]
[0.0,0.0]
[0.0,0.0]
[0.0,0.0]
[0.0,0.0]
[0.0,0.0]
[0.1607843137254902,0.1607843137254902]
[0.9921568627450981,0.9921568627450981]
[0.592156862745098,0.592156862745098]
[0.0,0.0]
[0.0,0.0]
[0.0,0.0]
[0.0,0.0]
[0.0,0.0]
[0.0,0.0]
[0.0,0.0]
[0.0,0.0]
[0.0,0.0]
[0.0,0.0]
[0.0,0.0]
[0.0,0.0]
[0.0,0.0]
[0.0,0.0]
[0.0,0.0]
[0.0,0.0]
[0.0,0.0]
[0.0,0.0]
[0.0,0.0]
[0.0,0.0]
[0.0,0.0]
[0.0,0.0]
[0.0,0.0]
[0.0,0.0]
[0.0,0.0]
[0.4823529411764706,0.4823529411764706]
[0.996078431372549,0.996078431372549]
[0.19607843137254902,0.19607843137254902]
[0.0,0.0]
[0.0,0.0]
[0.0,0.0]
[0.0,0.0]
[0.0,0.0]
[0.0,0.0]
[0.0,0.0]
[0.0,0.0]
[0.0,0.0]
[0.0,0.0]
[0.0,0.0]
[0.0,0.0]
[0.0,0.0]
[0.0,0.0]
[0.0,0.0]
[0.0,0.0]
[0.0,0.0]
[0.0,0.0]
[0.0,0.0]
[0.0,0.0]
[0.0,0.0]
[0.0,0.0]
[0.0,0.0]
[0.0,0.0]
[0.08235294117647059,0.08235294117647059]
[0.8745098039215686,0.8745098039215686]
[0.9137254901960784,0.9137254901960784]
[0.11764705882352941,0.11764705882352941]
[0.0,0.0]
[0.0,0.0]
[0.0,0.0]
[0.0,0.0]
[0.0,0.0]
[0.0,0.0]
[0.0,0.0]
[0.0,0.0]
[0.0,0.0]
[0.0,0.0]
[0.0,0.0]
[0.0,0.0]
[0.0,0.0]
[0.0,0.0]
[0.0,0.0]
[0.0,0.0]
[0.0,0.0]
[0.0,0.0]
[0.0,0.0]
[0.0,0.0]
[0.0,0.0]
[0.0,0.0]
[0.0,0.0]
[0.0,0.0]
[0.2,0.2]
[0.9921568627450981,0.9921568627450981]
[0.7176470588235294,0.7176470588235294]
[0.0,0.0]
[0.0,0.0]
[0.0,0.0]
[0.0,0.0]
[0.0,0.0]
[0.0,0.0]
[0.0,0.0]
[0.0,0.0]
[0.0,0.0]
[0.0,0.0]
[0.0,0.0]
[0.0,0.0]
[0.0,0.0]
[0.0,0.0]
[0.0,0.0]
[0.0,0.0]
[0.0,0.0]
[0.0,0.0]
[0.0,0.0]
[0.0,0.0]
[0.0,0.0]
[0.0,0.0]
[0.0,0.0]
[0.0,0.0]
[0.0,0.0]
[0.2,0.2]
[0.9882352941176471,0.9882352941176471]
[0.0784313725490196,0.0784313725490196]
[0.0,0.0]
[0.0,0.0]
[0.0,0.0]
[0.0,0.0]
[0.0,0.0]
[0.0,0.0]
[0.0,0.0]
[0.0,0.0]
[0.0,0.0]
[0.0,0.0]
[0.0,0.0]
[-0.03,0.03]
[-0.03,0.03]
[-0.03,0.03]
[-0.03,0.03]
[-0.03,0.03]
[-0.03,0.03]
[-0.03,0.03]
[-0.03,0.03]
[-0.03,0.03]
[-0.03,0.03]
[-0.03,0.03]
[-0.03,0.03]
[-0.03,0.03]
[-0.03,0.03]
[-0.03,0.03]
[-0.03,0.03]
[-0.03,0.03]
[-0.03,0.03]
[-0.03,0.03]
[-0.03,0.03]
[-0.03,0.03]
[-0.03,0.03]
[-0.03,0.03]
[-0.03,0.03]
[-0.03,0.03]
[-0.03,0.03]
[-0.03,0.03]
[-0.03,0.03]
[-0.03,0.03]
[-0.03,0.03]
[-0.03,0.03]
[-0.03,0.03]
[-0.03,0.03]
[-0.03,0.03]
[-0.03,0.03]
[-0.03,0.03]
[-0.03,0.03]
[-0.03,0.03]
[-0.03,0.03]
[-0.03,0.03]
[-0.03,0.03]
[-0.03,0.03]
[-0.03,0.03]
[-0.03,0.03]
[-0.03,0.03]
[-0.03,0.03]
[-0.03,0.03]
[-0.03,0.03]
[-0.03,0.03]
[-0.03,0.03]
[-0.03,0.03]
[-0.03,0.03]
[-0.03,0.03]
[-0.03,0.03]
[-0.03,0.03]
[-0.03,0.03]
[-0.03,0.03]
[-0.03,0.03]
[-0.03,0.03]
[-0.03,0.03]
[-0.03,0.03]
[-0.03,0.03]
[-0.03,0.03]
[-0.03,0.03]
[-0.03,0.03]
[-0.03,0.03]
[-0.03,0.03]
[-0.03,0.03]
[-0.03,0.03]
[-0.03,0.03]
[-0.03,0.03]
[-0.03,0.03]
[-0.03,0.03]
[-0.03,0.03]
[-0.03,0.03]
[-0.03,0.03]
[-0.03,0.03]
[-0.03,0.03]
[-0.03,0.03]
[-0.03,0.03]
[-0.03,0.03]
[-0.03,0.03]
[-0.03,0.03]
[-0.03,0.03]
[-0.03,0.03]
[-0.03,0.03]
[-0.03,0.03]
[-0.03,0.03]
[-0.03,0.03]
[-0.03,0.03]
[-0.03,0.03]
[-0.03,0.03]
[-0.03,0.03]
[-0.03,0.03]
[-0.03,0.03]
[-0.03,0.03]
[-0.03,0.03]
[-0.03,0.03]
[-0.03,0.03]
[-0.03,0.03]
[-0.03,0.03]
[-0.03,0.03]
[-0.03,0.03]
[-0.03,0.03]
[-0.03,0.03]
[-0.03,0.03]
[-0.03,0.03]
[-0.03,0.03]
[-0.03,0.03]
[-0.03,0.03]
[-0.03,0.03]
[-0.03,0.03]
[-0.03,0.03]
[-0.03,0.03]
[-0.03,0.03]
[-0.03,0.03]
[-0.03,0.03]
[-0.03,0.03]
[-0.03,0.03]
[-0.03,0.03]
[-0.03,0.03]
[-0.03,0.03]
[-0.03,0.03]
[-0.03,0.03]
[-0.03,0.03]
[-0.03,0.03]
[-0.03,0.03]
[-0.03,0.03]
[-0.03,0.03]
[-0.03,0.03]
[-0.03,0.03]
[-0.03,0.03]
[-0.03,0.03]
[-0.03,0.03]
[-0.03,0.03]
[-0.03,0.03]
[-0.03,0.03]
[-0.03,0.03]
[-0.03,0.03]
[-0.03,0.03]
[-0.03,0.03]
[-0.03,0.03]
[-0.03,0.03]
[-0.03,0.03]
[-0.03,0.03]
[-0.03,0.03]
[-0.03,0.03]
[-0.03,0.03]
[-0.03,0.03]
[-0.03,0.03]
[-0.03,0.03]
[-0.03,0.03]
[-0.03,0.03]
[-0.03,0.03]
[-0.03,0.03]
[-0.03,0.03]
[-0.03,0.03]
[-0.03,0.03]
[-0.03,0.03]
[-0.03,0.03]
[-0.03,0.03]
[-0.03,0.03]
[-0.03,0.03]
[-0.03,0.03]
[-0.03,0.03]
[-0.03,0.03]
[-0.03,0.03]
[-0.03,0.03]
[-0.03,0.03]
[-0.03,0.03]
[-0.03,0.03]
[-0.03,0.03]
[-0.03,0.03]
[-0.03,0.03]
[-0.03,0.03]
[-0.03,0.03]
[-0.03,0.03]
[-0.03,0.03]
[-0.03,0.03]
[-0.03,0.03]
[-0.03,0.03]
[-0.03,0.03]
[-0.03,0.03]
[-0.03,0.03]
[-0.03,0.03]
[-0.03,0.03]
[-0.03,0.03]
[-0.03,0.03]
[-0.03,0.03]
[-0.03,0.03]
[-0.03,0.03]
[-0.03,0.03]
[-0.03,0.03]
[-0.03,0.03]
[-0.03,0.03]
[-0.03,0.03]
[-0.03,0.03]
[-0.03,0.03]
[-0.03,0.03]
[-0.03,0.03]
[-0.03,0.03]
[-0.03,0.03]
[-0.03,0.03]
[-0.03,0.03]
[-0.03,0.03]
[-0.03,0.03]
[-0.03,0.03]
[-0.03,0.03]
[-0.03,0.03]
[-0.03,0.03]
[-0.03,0.03]
[-0.03,0.03]
[-0.03,0.03]
[-0.03,0.03]
[-0.03,0.03]
[-0.03,0.03]
[-0.03,0.03]
[-0.03,0.03]
[-0.03,0.03]
[-0.03,0.03]
[-0.03,0.03]
[-0.03,0.03]
[-0.03,0.03]
[-0.03,0.03]
[-0.03,0.03]
[-0.03,0.03]
[-0.03,0.03]
[-0.03,0.03]
[-0.03,0.03]
[-0.03,0.03]
[0.05235294117647059,0.11235294117647059]
[-0.03,0.03]
[-0.03,0.03]
[-0.03,0.03]
[0.013137254901960785,0.07313725490196078]
[0.3307843137254902,0.39078431372549016]
[0.6484313725490196,0.7084313725490197]
[0.962156862745098,1.022156862745098]
[0.966078431372549,1.026078431372549]
[0.962156862745098,1.022156862745098]
[0.966078431372549,1.026078431372549]
[0.962156862745098,1.022156862745098]
[0.21313725490196078,0.2731372549019608]
[-0.03,0.03]
[-0.03,0.03]
[-0.03,0.03]
[-0.03,0.03]
[-0.03,0.03]
[-0.03,0.03]
[-0.03,0.03]
[-0.03,0.03]
[-0.03,0.03]
[-0.03,0.03]
[-0.03,0.03]
[-0.03,0.03]
[-0.03,0.03]
[-0.03,0.03]
[-0.03,0.03]
[0.5268627450980392,0.5868627450980393]
[-0.03,0.03]
[0.05235294117647059,0.11235294117647059]
[0.37,0.43000000000000005]
[0.8052941176470588,0.8652941176470589]
[0.9582352941176471,1.0182352941176471]
[0.8837254901960784,0.9437254901960784]
[0.562156862745098,0.6221568627450981]
[0.48372549019607836,0.5437254901960784]
[0.48372549019607836,0.5437254901960784]
[0.962156862745098,1.022156862745098]
[0.9582352941176471,1.0182352941176471]
[0.5268627450980392,0.5868627450980393]
[-0.03,0.03]
[-0.03,0.03]
[-0.03,0.03]
[-0.03,0.03]
[-0.03,0.03]
[-0.03,0.03]
[-0.03,0.03]
[-0.03,0.03]
[-0.03,0.03]
[-0.03,0.03]
[-0.03,0.03]
[-0.03,0.03]
[-0.03,0.03]
[-0.03,0.03]
[0.6092156862745097,0.6692156862745098]
[0.566078431372549,0.626078431372549]
[0.566078431372549,0.626078431372549]
[0.8092156862745098,0.8692156862745098]
[0.8837254901960784,0.9437254901960784]
[0.6876470588235294,0.7476470588235294]
[0.37,0.43000000000000005]
[-0.03,0.03]
[-0.03,0.03]
[-0.03,0.03]
[-0.03,0.03]
[0.48764705882352943,0.5476470588235295]
[0.962156862745098,1.022156862745098]
[0.97,1.03]
[0.16607843137254902,0.22607843137254902]
[-0.03,0.03]
[-0.03,0.03]
[-0.03,0.03]
[-0.03,0.03]
[-0.03,0.03]
[-0.03,0.03]
[-0.03,0.03]
[-0.03,0.03]
[-0.03,0.03]
[-0.03,0.03]
[-0.03,0.03]
[-0.03,0.03]
[0.29156862745098044,0.3515686274509804]
[0.9229411764705882,0.9829411764705882]
[0.962156862745098,1.022156862745098]
[0.9582352941176471,1.0182352941176471]
[0.48372549019607836,0.5437254901960784]
[0.08764705882352941,0.1476470588235294]
[-0.03,0.03]
[-0.03,0.03]
[-0.03,0.03]
[-0.03,0.03]
[-0.03,0.03]
[-0.03,0.03]
[0.009215686274509804,0.0692156862745098]
[0.8013725490196079,0.8613725490196079]
[0.962156862745098,1.022156862745098]
[0.48372549019607836,0.5437254901960784]
[-0.03,0.03]
[-0.03,0.03]
[-0.03,0.03]
[-0.03,0.03]
[-0.03,0.03]
[-0.03,0.03]
[-0.03,0.03]
[-0.03,0.03]
[-0.03,0.03]
[-0.03,0.03]
[-0.03,0.03]
[-0.03,0.03]
[0.4523529411764706,0.5123529411764706]
[0.7660784313725489,0.826078431372549]
[0.37,0.43000000000000005]
[0.04843137254901961,0.1084313725490196]
[-0.03,0.03]
[-0.03,0.03]
[-0.03,0.03]
[-0.03,0.03]
[-0.03,0.03]
[-0.03,0.03]
[-0.03,0.03]
[-0.03,0.03]
[-0.03,0.03]
[0.7660784313725489,0.826078431372549]
[0.97,1.03]
[0.562156862745098,0.6221568627450981]
[-0.03,0.03]
[-0.03,0.03]
[-0.03,0.03]
[-0.03,0.03]
[-0.03,0.03]
[-0.03,0.03]
[-0.03,0.03]
[-0.03,0.03]
[-0.03,0.03]
[-0.03,0.03]
[-0.03,0.03]
[-0.03,0.03]
[-0.03,0.03]
[-0.03,0.03]
[-0.03,0.03]
[-0.03,0.03]
[-0.03,0.03]
[-0.03,0.03]
[-0.03,0.03]
[-0.03,0.03]
[-0.03,0.03]
[-0.03,0.03]
[-0.03,0.03]
[-0.03,0.03]
[-0.03,0.03]
[0.6052941176470588,0.6652941176470588]
[0.962156862745098,1.022156862745098]
[0.562156862745098,0.6221568627450981]
[-0.03,0.03]
[-0.03,0.03]
[-0.03,0.03]
[-0.03,0.03]
[-0.03,0.03]
[-0.03,0.03]
[-0.03,0.03]
[-0.03,0.03]
[-0.03,0.03]
[-0.03,0.03]
[-0.03,0.03]
[-0.03,0.03]
[-0.03,0.03]
[-0.03,0.03]
[-0.03,0.03]
[-0.03,0.03]
[-0.03,0.03]
[-0.03,0.03]
[-0.03,0.03]
[-0.03,0.03]
[-0.03,0.03]
[-0.03,0.03]
[-0.03,0.03]
[-0.03,0.03]
[-0.03,0.03]
[0.37,0.43000000000000005]
[0.966078431372549,1.026078431372549]
[0.562156862745098,0.6221568627450981]
[-0.03,0.03]
[-0.03,0.03]
[-0.03,0.03]
[-0.03,0.03]
[-0.03,0.03]
[-0.03,0.03]
[-0.03,0.03]
[-0.03,0.03]
[-0.03,0.03]
[-0.03,0.03]
[-0.03,0.03]
[-0.03,0.03]
[-0.03,0.03]
[-0.03,0.03]
[-0.03,0.03]
[-0.03,0.03]
[-0.03,0.03]
[-0.03,0.03]
[-0.03,0.03]
[-0.03,0.03]
[-0.03,0.03]
[-0.03,0.03]
[-0.03,0.03]
[-0.03,0.03]
[-0.03,0.03]
[0.37,0.43000000000000005]
[0.962156862745098,1.022156862745098]
[0.562156862745098,0.6221568627450981]
[-0.03,0.03]
[-0.03,0.03]
[-0.03,0.03]
[-0.03,0.03]
[-0.03,0.03]
[-0.03,0.03]
[-0.03,0.03]
[-0.03,0.03]
[-0.03,0.03]
[-0.03,0.03]
[-0.03,0.03]
[-0.03,0.03]
[-0.03,0.03]
[-0.03,0.03]
[-0.03,0.03]
[-0.03,0.03]
[-0.03,0.03]
[-0.03,0.03]
[-0.03,0.03]
[-0.03,0.03]
[-0.03,0.03]
[-0.03,0.03]
[-0.03,0.03]
[-0.03,0.03]
[-0.03,0.03]
[0.6092156862745097,0.6692156862745098]
[0.966078431372549,1.026078431372549]
[0.32686274509803925,0.3868627450980392]
[-0.03,0.03]
[-0.03,0.03]
[-0.03,0.03]
[-0.03,0.03]
[-0.03,0.03]
[-0.03,0.03]
[-0.03,0.03]
[-0.03,0.03]
[-0.03,0.03]
[-0.03,0.03]
[-0.03,0.03]
[-0.03,0.03]
[-0.03,0.03]
[-0.03,0.03]
[-0.03,0.03]
[-0.03,0.03]
[-0.03,0.03]
[-0.03,0.03]
[-0.03,0.03]
[-0.03,0.03]
[-0.03,0.03]
[-0.03,0.03]
[-0.03,0.03]
[-0.03,0.03]
[-0.03,0.03]
[0.7660784313725489,0.826078431372549]
[0.962156862745098,1.022156862745098]
[0.16607843137254902,0.22607843137254902]
[-0.03,0.03]
[-0.03,0.03]
[-0.03,0.03]
[-0.03,0.03]
[-0.03,0.03]
[-0.03,0.03]
[-0.03,0.03]
[-0.03,0.03]
[-0.03,0.03]
[-0.03,0.03]
[-0.03,0.03]
[-0.03,0.03]
[-0.03,0.03]
[-0.03,0.03]
[-0.03,0.03]
[-0.03,0.03]
[-0.03,0.03]
[-0.03,0.03]
[-0.03,0.03]
[-0.03,0.03]
[-0.03,0.03]
[-0.03,0.03]
[-0.03,0.03]
[-0.03,0.03]
[-0.03,0.03]
[0.7660784313725489,0.826078431372549]
[0.7660784313725489,0.826078431372549]
[-0.03,0.03]
[-0.03,0.03]
[-0.03,0.03]
[-0.03,0.03]
[-0.03,0.03]
[-0.03,0.03]
[-0.03,0.03]
[-0.03,0.03]
[-0.03,0.03]
[-0.03,0.03]
[-0.03,0.03]
[-0.03,0.03]
[-0.03,0.03]
[-0.03,0.03]
[-0.03,0.03]
[-0.03,0.03]
[-0.03,0.03]
[-0.03,0.03]
[-0.03,0.03]
[-0.03,0.03]
[-0.03,0.03]
[-0.03,0.03]
[-0.03,0.03]
[-0.03,0.03]
[-0.03,0.03]
[0.05235294117647059,0.11235294117647059]
[0.8445098039215686,0.9045098039215687]
[0.44843137254901966,0.5084313725490196]
[-0.03,0.03]
[-0.03,0.03]
[-0.03,0.03]
[-0.03,0.03]
[-0.03,0.03]
[-0.03,0.03]
[-0.03,0.03]
[-0.03,0.03]
[-0.03,0.03]
[-0.03,0.03]
[-0.03,0.03]
[-0.03,0.03]
[-0.03,0.03]
[-0.03,0.03]
[-0.03,0.03]
[-0.03,0.03]
[-0.03,0.03]
[-0.03,0.03]
[-0.03,0.03]
[-0.03,0.03]
[-0.03,0.03]
[-0.03,0.03]
[-0.03,0.03]
[-0.03,0.03]
[-0.03,0.03]
[0.25235294117647056,0.3123529411764706]
[0.962156862745098,1.022156862745098]
[0.37,0.43000000000000005]
[-0.03,0.03]
[-0.03,0.03]
[-0.03,0.03]
[-0.03,0.03]
[-0.03,0.03]
[-0.03,0.03]
[-0.03,0.03]
[-0.03,0.03]
[-0.03,0.03]
[-0.03,0.03]
[-0.03,0.03]
[-0.03,0.03]
[-0.03,0.03]
[-0.03,0.03]
[-0.03,0.03]
[-0.03,0.03]
[-0.03,0.03]
[-0.03,0.03]
[-0.03,0.03]
[-0.03,0.03]
[-0.03,0.03]
[-0.03,0.03]
[-0.03,0.03]
[-0.03,0.03]
[-0.03,0.03]
[0.8837254901960784,0.9437254901960784]
[0.9582352941176471,1.0182352941176471]
[0.37,0.43000000000000005]
[-0.03,0.03]
[-0.03,0.03]
[-0.03,0.03]
[-0.03,0.03]
[-0.03,0.03]
[-0.03,0.03]
[-0.03,0.03]
[-0.03,0.03]
[-0.03,0.03]
[-0.03,0.03]
[-0.03,0.03]
[-0.03,0.03]
[-0.03,0.03]
[-0.03,0.03]
[-0.03,0.03]
[-0.03,0.03]
[-0.03,0.03]
[-0.03,0.03]
[-0.03,0.03]
[-0.03,0.03]
[-0.03,0.03]
[-0.03,0.03]
[-0.03,0.03]
[-0.03,0.03]
[-0.03,0.03]
[0.966078431372549,1.026078431372549]
[0.8837254901960784,0.9437254901960784]
[-0.03,0.03]
[-0.03,0.03]
[-0.03,0.03]
[-0.03,0.03]
[-0.03,0.03]
[-0.03,0.03]
[-0.03,0.03]
[-0.03,0.03]
[-0.03,0.03]
[-0.03,0.03]
[-0.03,0.03]
[-0.03,0.03]
[-0.03,0.03]
[-0.03,0.03]
[-0.03,0.03]
[-0.03,0.03]
[-0.03,0.03]
[-0.03,0.03]
[-0.03,0.03]
[-0.03,0.03]
[-0.03,0.03]
[-0.03,0.03]
[-0.03,0.03]
[-0.03,0.03]
[-0.03,0.03]
[0.1307843137254902,0.1907843137254902]
[0.962156862745098,1.022156862745098]
[0.562156862745098,0.6221568627450981]
[-0.03,0.03]
[-0.03,0.03]
[-0.03,0.03]
[-0.03,0.03]
[-0.03,0.03]
[-0.03,0.03]
[-0.03,0.03]
[-0.03,0.03]
[-0.03,0.03]
[-0.03,0.03]
[-0.03,0.03]
[-0.03,0.03]
[-0.03,0.03]
[-0.03,0.03]
[-0.03,0.03]
[-0.03,0.03]
[-0.03,0.03]
[-0.03,0.03]
[-0.03,0.03]
[-0.03,0.03]
[-0.03,0.03]
[-0.03,0.03]
[-0.03,0.03]
[-0.03,0.03]
[-0.03,0.03]
[0.4523529411764706,0.5123529411764706]
[0.966078431372549,1.026078431372549]
[0.16607843137254902,0.22607843137254902]
[-0.03,0.03]
[-0.03,0.03]
[-0.03,0.03]
[-0.03,0.03]
[-0.03,0.03]
[-0.03,0.03]
[-0.03,0.03]
[-0.03,0.03]
[-0.03,0.03]
[-0.03,0.03]
[-0.03,0.03]
[-0.03,0.03]
[-0.03,0.03]
[-0.03,0.03]
[-0.03,0.03]
[-0.03,0.03]
[-0.03,0.03]
[-0.03,0.03]
[-0.03,0.03]
[-0.03,0.03]
[-0.03,0.03]
[-0.03,0.03]
[-0.03,0.03]
[-0.03,0.03]
[0.05235294117647059,0.11235294117647059]
[0.8445098039215686,0.9045098039215687]
[0.8837254901960784,0.9437254901960784]
[0.08764705882352941,0.1476470588235294]
[-0.03,0.03]
[-0.03,0.03]
[-0.03,0.03]
[-0.03,0.03]
[-0.03,0.03]
[-0.03,0.03]
[-0.03,0.03]
[-0.03,0.03]
[-0.03,0.03]
[-0.03,0.03]
[-0.03,0.03]
[-0.03,0.03]
[-0.03,0.03]
[-0.03,0.03]
[-0.03,0.03]
[-0.03,0.03]
[-0.03,0.03]
[-0.03,0.03]
[-0.03,0.03]
[-0.03,0.03]
[-0.03,0.03]
[-0.03,0.03]
[-0.03,0.03]
[-0.03,0.03]
[0.17,0.23]
[0.962156862745098,1.022156862745098]
[0.6876470588235294,0.7476470588235294]
[-0.03,0.03]
[-0.03,0.03]
[-0.03,0.03]
[-0.03,0.03]
[-0.03,0.03]
[-0.03,0.03]
[-0.03,0.03]
[-0.03,0.03]
[-0.03,0.03]
[-0.03,0.03]
[-0.03,0.03]
[-0.03,0.03]
[-0.03,0.03]
[-0.03,0.03]
[-0.03,0.03]
[-0.03,0.03]
[-0.03,0.03]
[-0.03,0.03]
[-0.03,0.03]
[-0.03,0.03]
[-0.03,0.03]
[-0.03,0.03]
[-0.03,0.03]
[-0.03,0.03]
[-0.03,0.03]
[0.17,0.23]
[0.9582352941176471,1.0182352941176471]
[0.04843137254901961,0.1084313725490196]
[-0.03,0.03]
[-0.03,0.03]
[-0.03,0.03]
[-0.03,0.03]
[-0.03,0.03]
[-0.03,0.03]
[-0.03,0.03]
[-0.03,0.03]
[-0.03,0.03]
[-0.03,0.03]
[-0.03,0.03]
