[0.0,0.0]
[0.0,0.0]
[0.0,0.0]
[0.0,0.0]
[0.0,0.0]
[0.0,0.0]
[0.0,0.0]
[0.0,0.0]
[0.0,0.0]
[0.0,0.0]
[0.0,0.0]
[0.0,0.0]
[0.0,0.0]
[0.0,0.0]
[0.0,0.0]
[0.0,0.0]
[0.0,0.0]
[0.0,0.0]
[0.0,0.0]
[0.0,0.0]
[0.0,0.0]
[0.0,0.0]
[0.0,0.0]
[0.0,0.0]
[0.0,0.0]
[0.0,0.0]
[0.0,0.0]
[0.0,0.0]
[0.0,0.0]
[0.0,0.0]
[0.0,0.0]
[0.0,0.0]
[0.0,0.0]
[0.0,0.0]
[0.0,0.0]
[0.0,0.0]
[0.0,0.0]
[0.0,0.0]
[0.0,0.0]
[0.0,0.0]
[0.0,0.0]
[0.0,0.0]
[0.0,0.0]
[0.0,0.0]
[0.0,0.0]
[0.0,0.0]
[0.0,0.0]
[0.0,0.0]
[0.0,0.0]
[0.0,0.0]
[0.0,0.0]
[0.0,0.0]
[0.0,0.0]
[0.0,0.0]
[0.0,0.0]
[0.0,0.0]
[0.0,0.0]
[0.0,0.0]
[0.0,0.0]
[0.0,0.0]
[0.0,0.0]
[0.0,0.0]
[0.0,0.0]
[0.0,0.0]
[0.0,0.0]
[0.0,0.0]
[0.0,0.0]
[0.0,0.0]
[0.0,0.0]
[0.0,0.0]
[0.0,0.0]
[0.0,0.0]
[0.0,0.0]
[0.0,0.0]
[0.0,0.0]
[0.0,0.0]
[0.0,0.0]
[0.0,0.0]
[0.0,0.0]
[0.0,0.0]
[0.0,0.0]
[0.0,0.0]
[0.0,0.0]
[0.0,0.0]
[0.0,0.0]
[0.0,0.0]
[0.0,0.0]
[0.0,0.0]
[0.0,0.0]
[0.0,0.0]
[0.0,0.0]
[0.0,0.0]
[0.0,0.0]
[0.0,0.0]
[0.0,0.0]
[0.0,0.0]
[0.0,0.0]
[0.0,0.0]
[0.0,0.0]
[0.0,0.0]
[0.0,0.0]
[0.0,0.0]
[0.0,0.0]
[0.0,0.0]
[0.0,0.0]
[0.0,0.0]
[0.0,0.0]
[0.0,0.0]
[0.0,0.0]
[0.0,0.0]
[0.0,0.0]
[0.0,0.0]
[0.0,0.0]
[0.0,0.0]
[0.0,0.0]
[0.0,0.0]
[0.0,0.0]
[0.0,0.0]
[0.0,0.0]
[0.0,0.0]
[0.0,0.0]
[0.0,0.0]
[0.0,0.0]
[0.0,0.0]
[0.0,0.0]
[0.0,0.0]
[0.0,0.0]
[0.0,0.0]
[0.0,0.0]
[0.0,0.0]
[0.0,0.0]
[0.0,0.0]
[0.0,0.0]
[0.0,0.0]
[0.0,0.0]
[0.0,0.0]
[0.0,0.0]
[0.0,0.0]
[0.0,0.0]
[0.0,0.0]
[0.0,0.0]
[0.0,0.0]
[0.0,0.0]
[0.0,0.0]
[0.0,0.0]
[0.0,0.0]
[0.0,0.0]
[0.0,0.0]
[0.0,0.0]
[0.12549019607843137,0.12549019607843137]
[1.0,1.0]
[0.996078431372549,0.996078431372549]
[1.0,1.0]
[0.996078431372549,0.996078431372549]
[0.996078431372549,0.996078431372549]
[0.996078431372549,0.996078431372549]
[0.615686274509804,0.615686274509804]
[0.5098039215686274,0.5098039215686274]
[0.34509803921568627,0.34509803921568627]
[0.00392156862745098,0.00392156862745098]
[0.0,0.0]
[0.0,0.0]
[0.0,0.0]
[0.0,0.0]
[0.0,0.0]
[0.0,0.0]
[0.0,0.0]
[0.0,0.0]
[0.0,0.0]
[0.0,0.0]
[0.0,0.0]
[0.0,0.0]
[0.0,0.0]
[0.0,0.0]
[0.0,0.0]
[0.0,0.0]
[0.0,0.0]
[0.12549019607843137,0.12549019607843137]
[0.9921568627450981,0.9921568627450981]
[0.9921568627450981,0.9921568627450981]
[0.9921568627450981,0.9921568627450981]
[0.9921568627450981,0.9921568627450981]
[0.9921568627450981,0.9921568627450981]
[0.9921568627450981,0.9921568627450981]
[0.9921568627450981,0.9921568627450981]
[0.9921568627450981,0.9921568627450981]
[0.9921568627450981,0.9921568627450981]
[0.4235294117647059,0.4235294117647059]
[0.00784313725490196,0.00784313725490196]
[0.0,0.0]
[0.0,0.0]
[0.0,0.0]
[0.0,0.0]
[0.0,0.0]
[0.0,0.0]
[0.0,0.0]
[0.0,0.0]
[0.0,0.0]
[0.0,0.0]
[0.0,0.0]
[0.0,0.0]
[0.0,0.0]
[0.0,0.0]
[0.0,0.0]
[0.0,0.0]
[0.054901960784313725,0.054901960784313725]
[0.5058823529411764,0.5058823529411764]
[0.9333333333333333,0.9333333333333333]
[0.9921568627450981,0.9921568627450981]
[0.9921568627450981,0.9921568627450981]
[0.9921568627450981,0.9921568627450981]
[0.9921568627450981,0.9921568627450981]
[0.9921568627450981,0.9921568627450981]
[0.9921568627450981,0.9921568627450981]
[0.9921568627450981,0.9921568627450981]
[0.9921568627450981,0.9921568627450981]
[0.11764705882352941,0.11764705882352941]
[0.0,0.0]
[0.0,0.0]
[0.0,0.0]
[0.0,0.0]
[0.0,0.0]
[0.0,0.0]
[0.0,0.0]
[0.0,0.0]
[0.0,0.0]
[0.0,0.0]
[0.0,0.0]
[0.0,0.0]
[0.0,0.0]
[0.0,0.0]
[0.0,0.0]
[0.0,0.0]
[0.0,0.0]
[0.0,0.0]
[0.2196078431372549,0.2196078431372549]
[0.9921568627450981,0.9921568627450981]
[0.9725490196078431,0.9725490196078431]
[0.6549019607843137,0.6549019607843137]
[0.9215686274509803,0.9215686274509803]
[0.9921568627450981,0.9921568627450981]
[0.9921568627450981,0.9921568627450981]
[0.9921568627450981,0.9921568627450981]
[0.9921568627450981,0.9921568627450981]
[0.40784313725490196,0.40784313725490196]
[0.0,0.0]
[0.0,0.0]
[0.0,0.0]
[0.0,0.0]
[0.0,0.0]
[0.0,0.0]
[0.0,0.0]
[0.0,0.0]
[0.0,0.0]
[0.0,0.0]
[0.0,0.0]
[0.0,0.0]
[0.0,0.0]
[0.0,0.0]
[0.0,0.0]
[0.0,0.0]
[0.0,0.0]
[0.0196078431372549,0.0196078431372549]
[0.6980392156862745,0.6980392156862745]
[0.9921568627450981,0.9921568627450981]
[0.7137254901960784,0.7137254901960784]
[0.0,0.0]
[0.10588235294117647,0.10588235294117647]
[0.5254901960784314,0.5254901960784314]
[0.9686274509803922,0.9686274509803922]
[0.9921568627450981,0.9921568627450981]
[0.9921568627450981,0.9921568627450981]
[0.8431372549019608,0.8431372549019608]
[0.058823529411764705,0.058823529411764705]
[0.0,0.0]
[0.0,0.0]
[0.0,0.0]
[0.0,0.0]
[0.0,0.0]
[0.0,0.0]
[0.0,0.0]
[0.0,0.0]
[0.0,0.0]
[0.0,0.0]
[0.0,0.0]
[0.0,0.0]
[0.0,0.0]
[0.0,0.0]
[0.0,0.0]
[0.0196078431372549,0.0196078431372549]
[0.5098039215686274,0.5098039215686274]
[0.9921568627450981,0.9921568627450981]
[0.8705882352941177,0.8705882352941177]
[0.10588235294117647,0.10588235294117647]
[0.0,0.0]
[0.0,0.0]
[0.0,0.0]
[0.7294117647058823,0.7294117647058823]
[0.9921568627450981,0.9921568627450981]
[0.9921568627450981,0.9921568627450981]
[0.9921568627450981,0.9921568627450981]
[0.09411764705882353,0.09411764705882353]
[0.0,0.0]
[0.0,0.0]
[0.0,0.0]
[0.0,0.0]
[0.0,0.0]
[0.0,0.0]
[0.0,0.0]
[0.0,0.0]
[0.0,0.0]
[0.0,0.0]
[0.0,0.0]
[0.0,0.0]
[0.0,0.0]
[0.0,0.0]
[0.0,0.0]
[0.12549019607843137,0.12549019607843137]
[0.9921568627450981,0.9921568627450981]
[0.9921568627450981,0.9921568627450981]
[0.47843137254901963,0.47843137254901963]
[0.0,0.0]
[0.0,0.0]
[0.0,0.0]
[0.0,0.0]
[0.2627450980392157,0.2627450980392157]
[0.9647058823529412,0.9647058823529412]
[0.9921568627450981,0.9921568627450981]
[0.9921568627450981,0.9921568627450981]
[0.41568627450980394,0.41568627450980394]
[0.0,0.0]
[0.0,0.0]
[0.0,0.0]
[0.0,0.0]
[0.0,0.0]
[0.0,0.0]
[0.0,0.0]
[0.0,0.0]
[0.0,0.0]
[0.0,0.0]
[0.0,0.0]
[0.0,0.0]
[0.0,0.0]
[0.0,0.0]
[0.0,0.0]
[0.4588235294117647,0.4588235294117647]
[0.9921568627450981,0.9921568627450981]
[0.7803921568627451,0.7803921568627451]
[0.09803921568627451,0.09803921568627451]
[0.0,0.0]
[0.0,0.0]
[0.0,0.0]
[0.0,0.0]
[0.0,0.0]
[0.7333333333333333,0.7333333333333333]
[0.9921568627450981,0.9921568627450981]
[0.9921568627450981,0.9921568627450981]
[0.5803921568627451,0.5803921568627451]
[0.0,0.0]
[0.0,0.0]
[0.0,0.0]
[0.0,0.0]
[0.0,0.0]
[0.0,0.0]
[0.0,0.0]
[0.0,0.0]
[0.0,0.0]
[0.0,0.0]
[0.0,0.0]
[0.0,0.0]
[0.0,0.0]
[0.0,0.0]
[0.1803921568627451,0.1803921568627451]
[0.8823529411764706,0.8823529411764706]
[0.9607843137254902,0.9607843137254902]
[0.2627450980392157,0.2627450980392157]
[0.0,0.0]
[0.0,0.0]
[0.0,0.0]
[0.0,0.0]
[0.0,0.0]
[0.0,0.0]
[0.34509803921568627,0.34509803921568627]
[0.9921568627450981,0.9921568627450981]
[0.9921568627450981,0.9921568627450981]
[0.5803921568627451,0.5803921568627451]
[0.0,0.0]
[0.0,0.0]
[0.0,0.0]
[0.0,0.0]
[0.0,0.0]
[0.0,0.0]
[0.0,0.0]
[0.0,0.0]
[0.0,0.0]
[0.0,0.0]
[0.0,0.0]
[0.0,0.0]
[0.0,0.0]
[0.0,0.0]
[0.5843137254901961,0.5843137254901961]
[0.9921568627450981,0.9921568627450981]
[0.7254901960784313,0.7254901960784313]
[0.0,0.0]
[0.0,0.0]
[0.0,0.0]
[0.0,0.0]
[0.0,0.0]
[0.0,0.0]
[0.0,0.0]
[0.34509803921568627,0.34509803921568627]
[0.9921568627450981,0.9921568627450981]
[0.9921568627450981,0.9921568627450981]
[0.5803921568627451,0.5803921568627451]
[0.0,0.0]
[0.0,0.0]
[0.0,0.0]
[0.0,0.0]
[0.0,0.0]
[0.0,0.0]
[0.0,0.0]
[0.0,0.0]
[0.0,0.0]
[0.0,0.0]
[0.0,0.0]
[0.0,0.0]
[0.0,0.0]
[0.058823529411764705,0.058823529411764705]
[0.8941176470588236,0.8941176470588236]
[0.9921568627450981,0.9921568627450981]
[0.36470588235294116,0.36470588235294116]
[0.0,0.0]
[0.0,0.0]
[0.0,0.0]
[0.0,0.0]
[0.0,0.0]
[0.0,0.0]
[0.0,0.0]
[0.34509803921568627,0.34509803921568627]
[0.9921568627450981,0.9921568627450981]
[0.9921568627450981,0.9921568627450981]
[0.5803921568627451,0.5803921568627451]
[0.0,0.0]
[0.0,0.0]
[0.0,0.0]
[0.0,0.0]
[0.0,0.0]
[0.0,0.0]
[0.0,0.0]
[0.0,0.0]
[0.0,0.0]
[0.0,0.0]
[0.0,0.0]
[0.0,0.0]
[0.0,0.0]
[0.07450980392156863,0.07450980392156863]
[0.9921568627450981,0.9921568627450981]
[0.9921568627450981,0.9921568627450981]
[0.36470588235294116,0.36470588235294116]
[0.0,0.0]
[0.0,0.0]
[0.0,0.0]
[0.0,0.0]
[0.0,0.0]
[0.0,0.0]
[0.0,0.0]
[0.34509803921568627,0.34509803921568627]
[0.9921568627450981,0.9921568627450981]
[0.9921568627450981,0.9921568627450981]
[0.5803921568627451,0.5803921568627451]
[0.0,0.0]
[0.0,0.0]
[0.0,0.0]
[0.0,0.0]
[0.0,0.0]
[0.0,0.0]
[0.0,0.0]
[0.0,0.0]
[0.0,0.0]
[0.0,0.0]
[0.0,0.0]
[0.0,0.0]
[0.0,0.0]
[0.07450980392156863,0.07450980392156863]
[0.9921568627450981,0.9921568627450981]
[0.9921568627450981,0.9921568627450981]
[0.36470588235294116,0.36470588235294116]
[0.0,0.0]
[0.0,0.0]
[0.0,0.0]
[0.0,0.0]
[0.0,0.0]
[0.0,0.0]
[0.0,0.0]
[0.34509803921568627,0.34509803921568627]
[0.9921568627450981,0.9921568627450981]
[0.9921568627450981,0.9921568627450981]
[0.42745098039215684,0.42745098039215684]
[0.0,0.0]
[0.0,0.0]
[0.0,0.0]
[0.0,0.0]
[0.0,0.0]
[0.0,0.0]
[0.0,0.0]
[0.0,0.0]
[0.0,0.0]
[0.0,0.0]
[0.0,0.0]
[0.0,0.0]
[0.0,0.0]
[0.07450980392156863,0.07450980392156863]
[0.9921568627450981,0.9921568627450981]
[0.9921568627450981,0.9921568627450981]
[0.5254901960784314,0.5254901960784314]
[0.0,0.0]
[0.0,0.0]
[0.0,0.0]
[0.0,0.0]
[0.0,0.0]
[0.0,0.0]
[0.0,0.0]
[0.34509803921568627,0.34509803921568627]
[0.9921568627450981,0.9921568627450981]
[0.8588235294117647,0.8588235294117647]
[0.06274509803921569,0.06274509803921569]
[0.0,0.0]
[0.0,0.0]
[0.0,0.0]
[0.0,0.0]
[0.0,0.0]
[0.0,0.0]
[0.0,0.0]
[0.0,0.0]
[0.0,0.0]
[0.0,0.0]
[0.0,0.0]
[0.0,0.0]
[0.0,0.0]
[0.07450980392156863,0.07450980392156863]
[0.9921568627450981,0.9921568627450981]
[0.9921568627450981,0.9921568627450981]
[0.9019607843137255,0.9019607843137255]
[0.12549019607843137,0.12549019607843137]
[0.0,0.0]
[0.0,0.0]
[0.0,0.0]
[0.0,0.0]
[0.0,0.0]
[0.0,0.0]
[0.5176470588235295,0.5176470588235295]
[0.9921568627450981,0.9921568627450981]
[0.6039215686274509,0.6039215686274509]
[0.0,0.0]
[0.0,0.0]
[0.0,0.0]
[0.0,0.0]
[0.0,0.0]
[0.0,0.0]
[0.0,0.0]
[0.0,0.0]
[0.0,0.0]
[0.0,0.0]
[0.0,0.0]
[0.0,0.0]
[0.0,0.0]
[0.0,0.0]
[0.07450980392156863,0.07450980392156863]
[0.9921568627450981,0.9921568627450981]
[0.9921568627450981,0.9921568627450981]
[0.9921568627450981,0.9921568627450981]
[0.9137254901960784,0.9137254901960784]
[0.47058823529411764,0.47058823529411764]
[0.0,0.0]
[0.2901960784313726,0.2901960784313726]
[0.39215686274509803,0.39215686274509803]
[0.39215686274509803,0.39215686274509803]
[0.7843137254901961,0.7843137254901961]
[0.9725490196078431,0.9725490196078431]
[0.8509803921568627,0.8509803921568627]
[0.12941176470588237,0.12941176470588237]
[0.0,0.0]
[0.0,0.0]
[0.0,0.0]
[0.0,0.0]
[0.0,0.0]
[0.0,0.0]
[0.0,0.0]
[0.0,0.0]
[0.0,0.0]
[0.0,0.0]
[0.0,0.0]
[0.0,0.0]
[0.0,0.0]
[0.0,0.0]
[0.00784313725490196,0.00784313725490196]
[0.6235294117647059,0.6235294117647059]
[0.9921568627450981,0.9921568627450981]
[0.9921568627450981,0.9921568627450981]
[0.9921568627450981,0.9921568627450981]
[0.9764705882352941,0.9764705882352941]
[0.9019607843137255,0.9019607843137255]
[0.9686274509803922,0.9686274509803922]
[0.9921568627450981,0.9921568627450981]
[0.9921568627450981,0.9921568627450981]
[0.9921568627450981,0.9921568627450981]
[0.9921568627450981,0.9921568627450981]
[0.42745098039215684,0.42745098039215684]
[0.0,0.0]
[0.0,0.0]
[0.0,0.0]
[0.0,0.0]
[0.0,0.0]
[0.0,0.0]
[0.0,0.0]
[0.0,0.0]
[0.0,0.0]
[0.0,0.0]
[0.0,0.0]
[0.0,0.0]
[0.0,0.0]
[0.0,0.0]
[0.0,0.0]
[0.0,0.0]
[0.37254901960784315,0.37254901960784315]
[0.9921568627450981,0.9921568627450981]
[0.9921568627450981,0.9921568627450981]
[0.9921568627450981,0.9921568627450981]
[0.9921568627450981,0.9921568627450981]
[0.9921568627450981,0.9921568627450981]
[0.9921568627450981,0.9921568627450981]
[0.9921568627450981,0.9921568627450981]
[0.9921568627450981,0.9921568627450981]
[0.9921568627450981,0.9921568627450981]
[0.4627450980392157,0.4627450980392157]
[0.011764705882352941,0.011764705882352941]
[0.0,0.0]
[0.0,0.0]
[0.0,0.0]
[0.0,0.0]
[0.0,0.0]
[0.0,0.0]
[0.0,0.0]
[0.0,0.0]
[0.0,0.0]
[0.0,0.0]
[0.0,0.0]
[0.0,0.0]
[0.0,0.0]
[0.0,0.0]
[0.0,0.0]
[0.0,0.0]
[0.00784313725490196,0.00784313725490196]
[0.1607843137254902,0.1607843137254902]
[0.9921568627450981,0.9921568627450981]
[0.9921568627450981,0.9921568627450981]
[0.9921568627450981,0.9921568627450981]
[0.9921568627450981,0.9921568627450981]
[0.9921568627450981,0.9921568627450981]
[0.9921568627450981,0.9921568627450981]
[0.9921568627450981,0.9921568627450981]
[0.4666666666666667,0.4666666666666667]
[0.00784313725490196,0.00784313725490196]
[0.0,0.0]
[0.0,0.0]
[0.0,0.0]
[0.0,0.0]
[0.0,0.0]
[0.0,0.0]
[0.0,0.0]
[0.0,0.0]
[0.0,0.0]
[0.0,0.0]
[0.0,0.0]
[0.0,0.0]
[0.0,0.0]
[0.0,0.0]
[0.0,0.0]
[0.0,0.0]
[0.0,0.0]
[0.0,0.0]
[0.06274509803921569,0.06274509803921569]
[0.2,0.2]
[0.34509803921568627,0.34509803921568627]
[0.8392156862745098,0.8392156862745098]
[0.6470588235294118,0.6470588235294118]
[0.38823529411764707,0.38823529411764707]
[0.0196078431372549,0.0196078431372549]
[0.0196078431372549,0.0196078431372549]
[0.00392156862745098,0.00392156862745098]
[0.0,0.0]
[0.0,0.0]
[0.0,0.0]
[0.0,0.0]
[0.0,0.0]
[0.0,0.0]
[0.0,0.0]
[0.0,0.0]
[0.0,0.0]
[0.0,0.0]
[0.0,0.0]
[0.0,0.0]
[0.0,0.0]
[0.0,0.0]
[0.0,0.0]
[0.0,0.0]
[0.0,0.0]
[0.0,0.0]
[0.0,0.0]
[0.0,0.0]
[0.0,0.0]
[0.0,0.0]
[0.0,0.0]
[0.0,0.0]
[0.0,0.0]
[0.0,0.0]
[0.0,0.0]
[0.0,0.0]
[0.0,0.0]
[0.0,0.0]
[0.0,0.0]
[0.0,0.0]
[0.0,0.0]
[0.0,0.0]
[0.0,0.0]
[0.0,0.0]
[0.0,0.0]
[0.0,0.0]
[0.0,0.0]
[0.0,0.0]
[0.0,0.0]
[0.0,0.0]
[0.0,0.0]
[0.0,0.0]
[0.0,0.0]
[0.0,0.0]
[0.0,0.0]
[0.0,0.0]
[0.0,0.0]
[0.0,0.0]
[0.0,0.0]
[0.0,0.0]
[0.0,0.0]
[0.0,0.0]
[0.0,0.0]
[0.0,0.0]
[0.0,0.0]
[0.0,0.0]
[0.0,0.0]
[0.0,0.0]
[0.0,0.0]
[0.0,0.0]
[0.0,0.0]
[0.0,0.0]
[0.0,0.0]
[0.0,0.0]
[0.0,0.0]
[0.0,0.0]
[0.0,0.0]
[0.0,0.0]
[0.0,0.0]
[0.0,0.0]
[0.0,0.0]
[0.0,0.0]
[0.0,0.0]
[0.0,0.0]
[0.0,0.0]
[0.0,0.0]
[0.0,0.0]
[0.0,0.0]
[0.0,0.0]
[0.0,0.0]
[0.0,0.0]
[0.0,0.0]
[0.0,0.0]
[0.0,0.0]
[0.0,0.0]
[0.0,0.0]
[0.0,0.0]
[0.0,0.0]
[0.0,0.0]
[0.0,0.0]
[0.0,0.0]
[0.0,0.0]
[-0.03,0.03]
[-0.03,0.03]
[-0.03,0.03]
[-0.03,0.03]
[-0.03,0.03]
[-0.03,0.03]
[-0.03,0.03]
[-0.03,0.03]
[-0.03,0.03]
[-0.03,0.03]
[-0.03,0.03]
[-0.03,0.03]
[-0.03,0.03]
[-0.03,0.03]
[-0.03,0.03]
[-0.03,0.03]
[-0.03,0.03]
[-0.03,0.03]
[-0.03,0.03]
[-0.03,0.03]
[-0.03,0.03]
[-0.03,0.03]
[-0.03,0.03]
[-0.03,0.03]
[-0.03,0.03]
[-0.03,0.03]
[-0.03,0.03]
[-0.03,0.03]
[-0.03,0.03]
[-0.03,0.03]
[-0.03,0.03]
[-0.03,0.03]
[-0.03,0.03]
[-0.03,0.03]
[-0.03,0.03]
[-0.03,0.03]
[-0.03,0.03]
[-0.03,0.03]
[-0.03,0.03]
[-0.03,0.03]
[-0.03,0.03]
[-0.03,0.03]
[-0.03,0.03]
[-0.03,0.03]
[-0.03,0.03]
[-0.03,0.03]
[-0.03,0.03]
[-0.03,0.03]
[-0.03,0.03]
[-0.03,0.03]
[-0.03,0.03]
[-0.03,0.03]
[-0.03,0.03]
[-0.03,0.03]
[-0.03,0.03]
[-0.03,0.03]
[-0.03,0.03]
[-0.03,0.03]
[-0.03,0.03]
[-0.03,0.03]
[-0.03,0.03]
[-0.03,0.03]
[-0.03,0.03]
[-0.03,0.03]
[-0.03,0.03]
[-0.03,0.03]
[-0.03,0.03]
[-0.03,0.03]
[-0.03,0.03]
[-0.03,0.03]
[-0.03,0.03]
[-0.03,0.03]
[-0.03,0.03]
[-0.03,0.03]
[-0.03,0.03]
[-0.03,0.03]
[-0.03,0.03]
[-0.03,0.03]
[-0.03,0.03]
[-0.03,0.03]
[-0.03,0.03]
[-0.03,0.03]
[-0.03,0.03]
[-0.03,0.03]
[-0.03,0.03]
[-0.03,0.03]
[-0.03,0.03]
[-0.03,0.03]
[-0.03,0.03]
[-0.03,0.03]
[-0.03,0.03]
[-0.03,0.03]
[-0.03,0.03]
[-0.03,0.03]
[-0.03,0.03]
[-0.03,0.03]
[-0.03,0.03]
[-0.03,0.03]
[-0.03,0.03]
[-0.03,0.03]
[-0.03,0.03]
[-0.03,0.03]
[-0.03,0.03]
[-0.03,0.03]
[-0.03,0.03]
[-0.03,0.03]
[-0.03,0.03]
[-0.03,0.03]
[-0.03,0.03]
[-0.03,0.03]
[-0.03,0.03]
[-0.03,0.03]
[-0.03,0.03]
[-0.03,0.03]
[-0.03,0.03]
[-0.03,0.03]
[-0.03,0.03]
[-0.03,0.03]
[-0.03,0.03]
[-0.03,0.03]
[-0.03,0.03]
[-0.03,0.03]
[-0.03,0.03]
[-0.03,0.03]
[-0.03,0.03]
[-0.03,0.03]
[-0.03,0.03]
[-0.03,0.03]
[-0.03,0.03]
[-0.03,0.03]
[-0.03,0.03]
[-0.03,0.03]
[-0.03,0.03]
[-0.03,0.03]
[-0.03,0.03]
[-0.03,0.03]
[-0.03,0.03]
[-0.03,0.03]
[-0.03,0.03]
[-0.03,0.03]
[-0.03,0.03]
[-0.03,0.03]
[-0.03,0.03]
[-0.03,0.03]
[-0.03,0.03]
[-0.03,0.03]
[-0.03,0.03]
[-0.03,0.03]
[-0.03,0.03]
[0.09549019607843137,0.15549019607843137]
[0.97,1.03]
[0.966078431372549,1.026078431372549]
[0.97,1.03]
[0.966078431372549,1.026078431372549]
[0.966078431372549,1.026078431372549]
[0.966078431372549,1.026078431372549]
[0.5856862745098039,0.645686274509804]
[0.4798039215686274,0.5398039215686274]
[0.31509803921568624,0.3750980392156863]
[-0.02607843137254902,0.03392156862745098]
[-0.03,0.03]
[-0.03,0.03]
[-0.03,0.03]
[-0.03,0.03]
[-0.03,0.03]
[-0.03,0.03]
[-0.03,0.03]
[-0.03,0.03]
[-0.03,0.03]
[-0.03,0.03]
[-0.03,0.03]
[-0.03,0.03]
[-0.03,0.03]
[-0.03,0.03]
[-0.03,0.03]
[-0.03,0.03]
[-0.03,0.03]
[0.09549019607843137,0.15549019607843137]
[0.962156862745098,1.022156862745098]
[0.962156862745098,1.022156862745098]
[0.962156862745098,1.022156862745098]
[0.962156862745098,1.022156862745098]
[0.962156862745098,1.022156862745098]
[0.962156862745098,1.022156862745098]
[0.962156862745098,1.022156862745098]
[0.962156862745098,1.022156862745098]
[0.962156862745098,1.022156862745098]
[0.3935294117647059,0.45352941176470585]
[-0.022156862745098038,0.03784313725490196]
[-0.03,0.03]
[-0.03,0.03]
[-0.03,0.03]
[-0.03,0.03]
[-0.03,0.03]
[-0.03,0.03]
[-0.03,0.03]
[-0.03,0.03]
[-0.03,0.03]
[-0.03,0.03]
[-0.03,0.03]
[-0.03,0.03]
[-0.03,0.03]
[-0.03,0.03]
[-0.03,0.03]
[-0.03,0.03]
[0.024901960784313726,0.08490196078431372]
[0.4758823529411764,0.5358823529411765]
[0.9033333333333333,0.9633333333333334]
[0.962156862745098,1.022156862745098]
[0.962156862745098,1.022156862745098]
[0.962156862745098,1.022156862745098]
[0.962156862745098,1.022156862745098]
[0.962156862745098,1.022156862745098]
[0.962156862745098,1.022156862745098]
[0.962156862745098,1.022156862745098]
[0.962156862745098,1.022156862745098]
[0.08764705882352941,0.1476470588235294]
[-0.03,0.03]
[-0.03,0.03]
[-0.03,0.03]
[-0.03,0.03]
[-0.03,0.03]
[-0.03,0.03]
[-0.03,0.03]
[-0.03,0.03]
[-0.03,0.03]
[-0.03,0.03]
[-0.03,0.03]
[-0.03,0.03]
[-0.03,0.03]
[-0.03,0.03]
[-0.03,0.03]
[-0.03,0.03]
[-0.03,0.03]
[-0.03,0.03]
[0.1896078431372549,0.2496078431372549]
[0.962156862745098,1.022156862745098]
[0.9425490196078431,1.002549019607843]
[0.6249019607843137,0.6849019607843138]
[0.8915686274509803,0.9515686274509804]
[0.962156862745098,1.022156862745098]
[0.962156862745098,1.022156862745098]
[0.962156862745098,1.022156862745098]
[0.962156862745098,1.022156862745098]
[0.37784313725490193,0.437843137254902]
[-0.03,0.03]
[-0.03,0.03]
[-0.03,0.03]
[-0.03,0.03]
[-0.03,0.03]
[-0.03,0.03]
[-0.03,0.03]
[-0.03,0.03]
[-0.03,0.03]
[-0.03,0.03]
[-0.03,0.03]
[-0.03,0.03]
[-0.03,0.03]
[-0.03,0.03]
[-0.03,0.03]
[-0.03,0.03]
[-0.03,0.03]
[-0.010392156862745097,0.0496078431372549]
[0.6680392156862744,0.7280392156862745]
[0.962156862745098,1.022156862745098]
[0.6837254901960784,0.7437254901960785]
[-0.03,0.03]
[0.07588235294117647,0.13588235294117645]
[0.49549019607843137,0.5554901960784314]
[0.9386274509803921,0.9986274509803922]
[0.962156862745098,1.022156862745098]
[0.962156862745098,1.022156862745098]
[0.8131372549019608,0.8731372549019608]
[0.028823529411764706,0.0888235294117647]
[-0.03,0.03]
[-0.03,0.03]
[-0.03,0.03]
[-0.03,0.03]
[-0.03,0.03]
[-0.03,0.03]
[-0.03,0.03]
[-0.03,0.03]
[-0.03,0.03]
[-0.03,0.03]
[-0.03,0.03]
[-0.03,0.03]
[-0.03,0.03]
[-0.03,0.03]
[-0.03,0.03]
[-0.010392156862745097,0.0496078431372549]
[0.4798039215686274,0.5398039215686274]
[0.962156862745098,1.022156862745098]
[0.8405882352941176,0.9005882352941177]
[0.07588235294117647,0.13588235294117645]
[-0.03,0.03]
[-0.03,0.03]
[-0.03,0.03]
[0.6994117647058823,0.7594117647058823]
[0.962156862745098,1.022156862745098]
[0.962156862745098,1.022156862745098]
[0.962156862745098,1.022156862745098]
[0.06411764705882353,0.12411764705882353]
[-0.03,0.03]
[-0.03,0.03]
[-0.03,0.03]
[-0.03,0.03]
[-0.03,0.03]
[-0.03,0.03]
[-0.03,0.03]
[-0.03,0.03]
[-0.03,0.03]
[-0.03,0.03]
[-0.03,0.03]
[-0.03,0.03]
[-0.03,0.03]
[-0.03,0.03]
[-0.03,0.03]
[0.09549019607843137,0.15549019607843137]
[0.962156862745098,1.022156862745098]
[0.962156862745098,1.022156862745098]
[0.44843137254901966,0.5084313725490196]
[-0.03,0.03]
[-0.03,0.03]
[-0.03,0.03]
[-0.03,0.03]
[0.2327450980392157,0.29274509803921567]
[0.9347058823529412,0.9947058823529412]
[0.962156862745098,1.022156862745098]
[0.962156862745098,1.022156862745098]
[0.385686274509804,0.4456862745098039]
[-0.03,0.03]
[-0.03,0.03]
[-0.03,0.03]
[-0.03,0.03]
[-0.03,0.03]
[-0.03,0.03]
[-0.03,0.03]
[-0.03,0.03]
[-0.03,0.03]
[-0.03,0.03]
[-0.03,0.03]
[-0.03,0.03]
[-0.03,0.03]
[-0.03,0.03]
[-0.03,0.03]
[0.4288235294117647,0.48882352941176466]
[0.962156862745098,1.022156862745098]
[0.7503921568627451,0.8103921568627451]
[0.06803921568627451,0.12803921568627452]
[-0.03,0.03]
[-0.03,0.03]
[-0.03,0.03]
[-0.03,0.03]
[-0.03,0.03]
[0.7033333333333333,0.7633333333333333]
[0.962156862745098,1.022156862745098]
[0.962156862745098,1.022156862745098]
[0.5503921568627451,0.6103921568627452]
[-0.03,0.03]
[-0.03,0.03]
[-0.03,0.03]
[-0.03,0.03]
[-0.03,0.03]
[-0.03,0.03]
[-0.03,0.03]
[-0.03,0.03]
[-0.03,0.03]
[-0.03,0.03]
[-0.03,0.03]
[-0.03,0.03]
[-0.03,0.03]
[-0.03,0.03]
[0.1503921568627451,0.2103921568627451]
[0.8523529411764705,0.9123529411764706]
[0.9307843137254902,0.9907843137254903]
[0.2327450980392157,0.29274509803921567]
[-0.03,0.03]
[-0.03,0.03]
[-0.03,0.03]
[-0.03,0.03]
[-0.03,0.03]
[-0.03,0.03]
[0.31509803921568624,0.3750980392156863]
[0.962156862745098,1.022156862745098]
[0.962156862745098,1.022156862745098]
[0.5503921568627451,0.6103921568627452]
[-0.03,0.03]
[-0.03,0.03]
[-0.03,0.03]
[-0.03,0.03]
[-0.03,0.03]
[-0.03,0.03]
[-0.03,0.03]
[-0.03,0.03]
[-0.03,0.03]
[-0.03,0.03]
[-0.03,0.03]
[-0.03,0.03]
[-0.03,0.03]
[-0.03,0.03]
[0.5543137254901961,0.6143137254901961]
[0.962156862745098,1.022156862745098]
[0.6954901960784313,0.7554901960784314]
[-0.03,0.03]
[-0.03,0.03]
[-0.03,0.03]
[-0.03,0.03]
[-0.03,0.03]
[-0.03,0.03]
[-0.03,0.03]
[0.31509803921568624,0.3750980392156863]
[0.962156862745098,1.022156862745098]
[0.962156862745098,1.022156862745098]
[0.5503921568627451,0.6103921568627452]
[-0.03,0.03]
[-0.03,0.03]
[-0.03,0.03]
[-0.03,0.03]
[-0.03,0.03]
[-0.03,0.03]
[-0.03,0.03]
[-0.03,0.03]
[-0.03,0.03]
[-0.03,0.03]
[-0.03,0.03]
[-0.03,0.03]
[-0.03,0.03]
[0.028823529411764706,0.0888235294117647]
[0.8641176470588235,0.9241176470588236]
[0.962156862745098,1.022156862745098]
[0.3347058823529412,0.39470588235294113]
[-0.03,0.03]
[-0.03,0.03]
[-0.03,0.03]
[-0.03,0.03]
[-0.03,0.03]
[-0.03,0.03]
[-0.03,0.03]
[0.31509803921568624,0.3750980392156863]
[0.962156862745098,1.022156862745098]
[0.962156862745098,1.022156862745098]
[0.5503921568627451,0.6103921568627452]
[-0.03,0.03]
[-0.03,0.03]
[-0.03,0.03]
[-0.03,0.03]
[-0.03,0.03]
[-0.03,0.03]
[-0.03,0.03]
[-0.03,0.03]
[-0.03,0.03]
[-0.03,0.03]
[-0.03,0.03]
[-0.03,0.03]
[-0.03,0.03]
[0.04450980392156863,0.10450980392156863]
[0.962156862745098,1.022156862745098]
[0.962156862745098,1.022156862745098]
[0.3347058823529412,0.39470588235294113]
[-0.03,0.03]
[-0.03,0.03]
[-0.03,0.03]
[-0.03,0.03]
[-0.03,0.03]
[-0.03,0.03]
[-0.03,0.03]
[0.31509803921568624,0.3750980392156863]
[0.962156862745098,1.022156862745098]
[0.962156862745098,1.022156862745098]
[0.5503921568627451,0.6103921568627452]
[-0.03,0.03]
[-0.03,0.03]
[-0.03,0.03]
[-0.03,0.03]
[-0.03,0.03]
[-0.03,0.03]
[-0.03,0.03]
[-0.03,0.03]
[-0.03,0.03]
[-0.03,0.03]
[-0.03,0.03]
[-0.03,0.03]
[-0.03,0.03]
[0.04450980392156863,0.10450980392156863]
[0.962156862745098,1.022156862745098]
[0.962156862745098,1.022156862745098]
[0.3347058823529412,0.39470588235294113]
[-0.03,0.03]
[-0.03,0.03]
[-0.03,0.03]
[-0.03,0.03]
[-0.03,0.03]
[-0.03,0.03]
[-0.03,0.03]
[0.31509803921568624,0.3750980392156863]
[0.962156862745098,1.022156862745098]
[0.962156862745098,1.022156862745098]
[0.39745098039215687,0.4574509803921568]
[-0.03,0.03]
[-0.03,0.03]
[-0.03,0.03]
[-0.03,0.03]
[-0.03,0.03]
[-0.03,0.03]
[-0.03,0.03]
[-0.03,0.03]
[-0.03,0.03]
[-0.03,0.03]
[-0.03,0.03]
[-0.03,0.03]
[-0.03,0.03]
[0.04450980392156863,0.10450980392156863]
[0.962156862745098,1.022156862745098]
[0.962156862745098,1.022156862745098]
[0.49549019607843137,0.5554901960784314]
[-0.03,0.03]
[-0.03,0.03]
[-0.03,0.03]
[-0.03,0.03]
[-0.03,0.03]
[-0.03,0.03]
[-0.03,0.03]
[0.31509803921568624,0.3750980392156863]
[0.962156862745098,1.022156862745098]
[0.8288235294117646,0.8888235294117647]
[0.032745098039215687,0.09274509803921568]
[-0.03,0.03]
[-0.03,0.03]
[-0.03,0.03]
[-0.03,0.03]
[-0.03,0.03]
[-0.03,0.03]
[-0.03,0.03]
[-0.03,0.03]
[-0.03,0.03]
[-0.03,0.03]
[-0.03,0.03]
[-0.03,0.03]
[-0.03,0.03]
[0.04450980392156863,0.10450980392156863]
[0.962156862745098,1.022156862745098]
[0.962156862745098,1.022156862745098]
[0.8719607843137255,0.9319607843137255]
[0.09549019607843137,0.15549019607843137]
[-0.03,0.03]
[-0.03,0.03]
[-0.03,0.03]
[-0.03,0.03]
[-0.03,0.03]
[-0.03,0.03]
[0.48764705882352943,0.5476470588235295]
[0.962156862745098,1.022156862745098]
[0.5739215686274509,0.633921568627451]
[-0.03,0.03]
[-0.03,0.03]
[-0.03,0.03]
[-0.03,0.03]
[-0.03,0.03]
[-0.03,0.03]
[-0.03,0.03]
[-0.03,0.03]
[-0.03,0.03]
[-0.03,0.03]
[-0.03,0.03]
[-0.03,0.03]
[-0.03,0.03]
[-0.03,0.03]
[0.04450980392156863,0.10450980392156863]
[0.962156862745098,1.022156862745098]
[0.962156862745098,1.022156862745098]
[0.962156862745098,1.022156862745098]
[0.8837254901960784,0.9437254901960784]
[0.4405882352941176,0.5005882352941177]
[-0.03,0.03]
[0.2601960784313726,0.32019607843137254]
[0.36215686274509806,0.422156862745098]
[0.36215686274509806,0.422156862745098]
[0.754313725490196,0.8143137254901961]
[0.9425490196078431,1.002549019607843]
[0.8209803921568627,0.8809803921568627]
[0.09941176470588237,0.15941176470588236]
[-0.03,0.03]
[-0.03,0.03]
[-0.03,0.03]
[-0.03,0.03]
[-0.03,0.03]
[-0.03,0.03]
[-0.03,0.03]
[-0.03,0.03]
[-0.03,0.03]
[-0.03,0.03]
[-0.03,0.03]
[-0.03,0.03]
[-0.03,0.03]
[-0.03,0.03]
[-0.022156862745098038,0.03784313725490196]
[0.5935294117647059,0.6535294117647059]
[0.962156862745098,1.022156862745098]
[0.962156862745098,1.022156862745098]
[0.962156862745098,1.022156862745098]
[0.9464705882352941,1.006470588235294]
[0.8719607843137255,0.9319607843137255]
[0.9386274509803921,0.9986274509803922]
[0.962156862745098,1.022156862745098]
[0.962156862745098,1.022156862745098]
[0.962156862745098,1.022156862745098]
[0.962156862745098,1.022156862745098]
[0.39745098039215687,0.4574509803921568]
[-0.03,0.03]
[-0.03,0.03]
[-0.03,0.03]
[-0.03,0.03]
[-0.03,0.03]
[-0.03,0.03]
[-0.03,0.03]
[-0.03,0.03]
[-0.03,0.03]
[-0.03,0.03]
[-0.03,0.03]
[-0.03,0.03]
[-0.03,0.03]
[-0.03,0.03]
[-0.03,0.03]
[-0.03,0.03]
[0.3425490196078431,0.4025490196078432]
[0.962156862745098,1.022156862745098]
[0.962156862745098,1.022156862745098]
[0.962156862745098,1.022156862745098]
[0.962156862745098,1.022156862745098]
[0.962156862745098,1.022156862745098]
[0.962156862745098,1.022156862745098]
[0.962156862745098,1.022156862745098]
[0.962156862745098,1.022156862745098]
[0.962156862745098,1.022156862745098]
[0.4327450980392157,0.49274509803921573]
[-0.018235294117647058,0.04176470588235294]
[-0.03,0.03]
[-0.03,0.03]
[-0.03,0.03]
[-0.03,0.03]
[-0.03,0.03]
[-0.03,0.03]
[-0.03,0.03]
[-0.03,0.03]
[-0.03,0.03]
[-0.03,0.03]
[-0.03,0.03]
[-0.03,0.03]
[-0.03,0.03]
[-0.03,0.03]
[-0.03,0.03]
[-0.03,0.03]
[-0.022156862745098038,0.03784313725490196]
[0.1307843137254902,0.1907843137254902]
[0.962156862745098,1.022156862745098]
[0.962156862745098,1.022156862745098]
[0.962156862745098,1.022156862745098]
[0.962156862745098,1.022156862745098]
[0.962156862745098,1.022156862745098]
[0.962156862745098,1.022156862745098]
[0.962156862745098,1.022156862745098]
[0.43666666666666665,0.4966666666666667]
[-0.022156862745098038,0.03784313725490196]
[-0.03,0.03]
[-0.03,0.03]
[-0.03,0.03]
[-0.03,0.03]
[-0.03,0.03]
[-0.03,0.03]
[-0.03,0.03]
[-0.03,0.03]
[-0.03,0.03]
[-0.03,0.03]
[-0.03,0.03]
[-0.03,0.03]
[-0.03,0.03]
[-0.03,0.03]
[-0.03,0.03]
[-0.03,0.03]
[-0.03,0.03]
[-0.03,0.03]
[0.032745098039215687,0.09274509803921568]
[0.17,0.23]
[0.31509803921568624,0.3750980392156863]
[0.8092156862745098,0.8692156862745098]
[0.6170588235294118,0.6770588235294118]
[0.3582352941176471,0.41823529411764704]
[-0.010392156862745097,0.0496078431372549]
[-0.010392156862745097,0.0496078431372549]
[-0.02607843137254902,0.03392156862745098]
[-0.03,0.03]
[-0.03,0.03]
[-0.03,0.03]
[-0.03,0.03]
[-0.03,0.03]
[-0.03,0.03]
[-0.03,0.03]
[-0.03,0.03]
[-0.03,0.03]
[-0.03,0.03]
[-0.03,0.03]
[-0.03,0.03]
[-0.03,0.03]
[-0.03,0.03]
[-0.03,0.03]
[-0.03,0.03]
[-0.03,0.03]
[-0.03,0.03]
[-0.03,0.03]
[-0.03,0.03]
[-0.03,0.03]
[-0.03,0.03]
[-0.03,0.03]
[-0.03,0.03]
[-0.03,0.03]
[-0.03,0.03]
[-0.03,0.03]
[-0.03,0.03]
[-0.03,0.03]
[-0.03,0.03]
[-0.03,0.03]
[-0.03,0.03]
[-0.03,0.03]
[-0.03,0.03]
[-0.03,0.03]
[-0.03,0.03]
[-0.03,0.03]
[-0.03,0.03]
[-0.03,0.03]
[-0.03,0.03]
[-0.03,0.03]
[-0.03,0.03]
[-0.03,0.03]
[-0.03,0.03]
[-0.03,0.03]
[-0.03,0.03]
[-0.03,0.03]
[-0.03,0.03]
[-0.03,0.03]
[-0.03,0.03]
[-0.03,0.03]
[-0.03,0.03]
[-0.03,0.03]
[-0.03,0.03]
[-0.03,0.03]
[-0.03,0.03]
[-0.03,0.03]
[-0.03,0.03]
[-0.03,0.03]
[-0.03,0.03]
[-0.03,0.03]
[-0.03,0.03]
[-0.03,0.03]
[-0.03,0.03]
[-0.03,0.03]
[-0.03,0.03]
[-0.03,0.03]
[-0.03,0.03]
[-0.03,0.03]
[-0.03,0.03]
[-0.03,0.03]
[-0.03,0.03]
[-0.03,0.03]
[-0.03,0.03]
[-0.03,0.03]
[-0.03,0.03]
[-0.03,0.03]
[-0.03,0.03]
[-0.03,0.03]
[-0.03,0.03]
[-0.03,0.03]
[-0.03,0.03]
[-0.03,0.03]
[-0.03,0.03]
[-0.03,0.03]
[-0.03,0.03]
[-0.03,0.03]
[-0.03,0.03]
[-0.03,0.03]
[-0.03,0.03]
[-0.03,0.03]
[-0.03,0.03]
[-0.03,0.03]
[-0.03,0.03]
