[0.0,0.0]
[0.0,0.0]
[0.0,0.0]
[0.0,0.0]
[0.0,0.0]
[0.0,0.0]
[0.0,0.0]
[0.0,0.0]
[0.0,0.0]
[0.0,0.0]
[0.0,0.0]
[0.0,0.0]
[0.0,0.0]
[0.0,0.0]
[0.0,0.0]
[0.0,0.0]
[0.0,0.0]
[0.0,0.0]
[0.0,0.0]
[0.0,0.0]
[0.0,0.0]
[0.0,0.0]
[0.0,0.0]
[0.0,0.0]
[0.0,0.0]
[0.0,0.0]
[0.0,0.0]
[0.0,0.0]
[0.0,0.0]
[0.0,0.0]
[0.0,0.0]
[0.0,0.0]
[0.0,0.0]
[0.0,0.0]
[0.0,0.0]
[0.0,0.0]
[0.0,0.0]
[0.0,0.0]
[0.0,0.0]
[0.0,0.0]
[0.0,0.0]
[0.0,0.0]
[0.0,0.0]
[0.0,0.0]
[0.0,0.0]
[0.0,0.0]
[0.0,0.0]
[0.0,0.0]
[0.0,0.0]
[0.0,0.0]
[0.0,0.0]
[0.0,0.0]
[0.0,0.0]
[0.0,0.0]
[0.0,0.0]
[0.0,0.0]
[0.0,0.0]
[0.0,0.0]
[0.0,0.0]
[0.0,0.0]
[0.0,0.0]
[0.0,0.0]
[0.0,0.0]
[0.0,0.0]
[0.0,0.0]
[0.0,0.0]
[0.0,0.0]
[0.0,0.0]
[0.0,0.0]
[0.0,0.0]
[0.0,0.0]
[0.0,0.0]
[0.0,0.0]
[0.0,0.0]
[0.0,0.0]
[0.0,0.0]
[0.0,0.0]
[0.0,0.0]
[0.0,0.0]
[0.0,0.0]
[0.0,0.0]
[0.0,0.0]
[0.0,0.0]
[0.0,0.0]
[0.0,0.0]
[0.0,0.0]
[0.0,0.0]
[0.0,0.0]
[0.0,0.0]
[0.0,0.0]
[0.0,0.0]
[0.0,0.0]
[0.0,0.0]
[0.0,0.0]
[0.0,0.0]
[0.0,0.0]
[0.0,0.0]
[0.0,0.0]
[0.0,0.0]
[0.0,0.0]
[0.0,0.0]
[0.0,0.0]
[0.0,0.0]
[0.0,0.0]
[0.0,0.0]
[0.0,0.0]
[0.0,0.0]
[0.0,0.0]
[0.0,0.0]
[0.0,0.0]
[0.0,0.0]
[0.0,0.0]
[0.0,0.0]
[0.0,0.0]
[0.0,0.0]
[0.0,0.0]
[0.0,0.0]
[0.0,0.0]
[0.0,0.0]
[0.0,0.0]
[0.0,0.0]
[0.0,0.0]
[0.0,0.0]
[0.0,0.0]
[0.043137254901960784,0.043137254901960784]
[0.5882352941176471,0.5882352941176471]
[0.9921568627450981,0.9921568627450981]
[0.792156862745098,0.792156862745098]
[0.12156862745098039,0.12156862745098039]
[0.0,0.0]
[0.0,0.0]
[0.0,0.0]
[0.0,0.0]
[0.0,0.0]
[0.0,0.0]
[0.0,0.0]
[0.0,0.0]
[0.0,0.0]
[0.0,0.0]
[0.0,0.0]
[0.0,0.0]
[0.0,0.0]
[0.0,0.0]
[0.0,0.0]
[0.0,0.0]
[0.0,0.0]
[0.0,0.0]
[0.0,0.0]
[0.0,0.0]
[0.0,0.0]
[0.0,0.0]
[0.0,0.0]
[0.1450980392156863,0.1450980392156863]
[0.984313725490196,0.984313725490196]
[0.984313725490196,0.984313725490196]
[0.9921568627450981,0.9921568627450981]
[0.4196078431372549,0.4196078431372549]
[0.0,0.0]
[0.0,0.0]
[0.0,0.0]
[0.0,0.0]
[0.0,0.0]
[0.0,0.0]
[0.0,0.0]
[0.0,0.0]
[0.0,0.0]
[0.0,0.0]
[0.0,0.0]
[0.0,0.0]
[0.0,0.0]
[0.0,0.0]
[0.0,0.0]
[0.0,0.0]
[0.0,0.0]
[0.0,0.0]
[0.0,0.0]
[0.0,0.0]
[0.0,0.0]
[0.0,0.0]
[0.08235294117647059,0.08235294117647059]
[0.7725490196078432,0.7725490196078432]
[0.984313725490196,0.984313725490196]
[0.984313725490196,0.984313725490196]
[0.9921568627450981,0.9921568627450981]
[0.4196078431372549,0.4196078431372549]
[0.0,0.0]
[0.0,0.0]
[0.0,0.0]
[0.0,0.0]
[0.0,0.0]
[0.0,0.0]
[0.0,0.0]
[0.0,0.0]
[0.0,0.0]
[0.0,0.0]
[0.0,0.0]
[0.0,0.0]
[0.0,0.0]
[0.0,0.0]
[0.0,0.0]
[0.0,0.0]
[0.0,0.0]
[0.0,0.0]
[0.0,0.0]
[0.0,0.0]
[0.0,0.0]
[0.43137254901960786,0.43137254901960786]
[0.7450980392156863,0.7450980392156863]
[0.984313725490196,0.984313725490196]
[0.984313725490196,0.984313725490196]
[0.984313725490196,0.984313725490196]
[0.9921568627450981,0.9921568627450981]
[0.6627450980392157,0.6627450980392157]
[0.42745098039215684,0.42745098039215684]
[0.24313725490196078,0.24313725490196078]
[0.0,0.0]
[0.0,0.0]
[0.0,0.0]
[0.0,0.0]
[0.0,0.0]
[0.0,0.0]
[0.0,0.0]
[0.0,0.0]
[0.0,0.0]
[0.0,0.0]
[0.0,0.0]
[0.0,0.0]
[0.0,0.0]
[0.0,0.0]
[0.0,0.0]
[0.0,0.0]
[0.0,0.0]
[0.0,0.0]
[0.0,0.0]
[0.9921568627450981,0.9921568627450981]
[0.984313725490196,0.984313725490196]
[0.984313725490196,0.984313725490196]
[0.984313725490196,0.984313725490196]
[0.984313725490196,0.984313725490196]
[0.9921568627450981,0.9921568627450981]
[0.984313725490196,0.984313725490196]
[0.984313725490196,0.984313725490196]
[0.8627450980392157,0.8627450980392157]
[0.2,0.2]
[0.0,0.0]
[0.0,0.0]
[0.0,0.0]
[0.0,0.0]
[0.0,0.0]
[0.0,0.0]
[0.0,0.0]
[0.0,0.0]
[0.0,0.0]
[0.0,0.0]
[0.0,0.0]
[0.0,0.0]
[0.0,0.0]
[0.0,0.0]
[0.0,0.0]
[0.0,0.0]
[0.0,0.0]
[0.7137254901960784,0.7137254901960784]
[1.0,1.0]
[0.9921568627450981,0.9921568627450981]
[0.9921568627450981,0.9921568627450981]
[0.9921568627450981,0.9921568627450981]
[0.9921568627450981,0.9921568627450981]
[0.9176470588235294,0.9176470588235294]
[0.8705882352941177,0.8705882352941177]
[0.9921568627450981,0.9921568627450981]
[0.9921568627450981,0.9921568627450981]
[0.9921568627450981,0.9921568627450981]
[0.0,0.0]
[0.0,0.0]
[0.0,0.0]
[0.0,0.0]
[0.0,0.0]
[0.0,0.0]
[0.0,0.0]
[0.0,0.0]
[0.0,0.0]
[0.0,0.0]
[0.0,0.0]
[0.0,0.0]
[0.0,0.0]
[0.0,0.0]
[0.0,0.0]
[0.0,0.0]
[0.24705882352941178,0.24705882352941178]
[0.8666666666666667,0.8666666666666667]
[0.9921568627450981,0.9921568627450981]
[0.984313725490196,0.984313725490196]
[0.984313725490196,0.984313725490196]
[0.984313725490196,0.984313725490196]
[0.5764705882352941,0.5764705882352941]
[0.30196078431372547,0.30196078431372547]
[0.24313725490196078,0.24313725490196078]
[0.5019607843137255,0.5019607843137255]
[0.984313725490196,0.984313725490196]
[0.984313725490196,0.984313725490196]
[0.4117647058823529,0.4117647058823529]
[0.0,0.0]
[0.0,0.0]
[0.0,0.0]
[0.0,0.0]
[0.0,0.0]
[0.0,0.0]
[0.0,0.0]
[0.0,0.0]
[0.0,0.0]
[0.0,0.0]
[0.0,0.0]
[0.0,0.0]
[0.0,0.0]
[0.0,0.0]
[0.12549019607843137,0.12549019607843137]
[0.9058823529411765,0.9058823529411765]
[0.984313725490196,0.984313725490196]
[0.9921568627450981,0.9921568627450981]
[0.984313725490196,0.984313725490196]
[0.8627450980392157,0.8627450980392157]
[0.5372549019607843,0.5372549019607843]
[0.0392156862745098,0.0392156862745098]
[0.0,0.0]
[0.0,0.0]
[0.12156862745098039,0.12156862745098039]
[0.9019607843137255,0.9019607843137255]
[0.984313725490196,0.984313725490196]
[0.9529411764705882,0.9529411764705882]
[0.44313725490196076,0.44313725490196076]
[0.0196078431372549,0.0196078431372549]
[0.0,0.0]
[0.0,0.0]
[0.0,0.0]
[0.0,0.0]
[0.0,0.0]
[0.0,0.0]
[0.0,0.0]
[0.0,0.0]
[0.0,0.0]
[0.0,0.0]
[0.0,0.0]
[0.0,0.0]
[0.1450980392156863,0.1450980392156863]
[0.984313725490196,0.984313725490196]
[0.984313725490196,0.984313725490196]
[0.9921568627450981,0.9921568627450981]
[0.7372549019607844,0.7372549019607844]
[0.0784313725490196,0.0784313725490196]
[0.0,0.0]
[0.0,0.0]
[0.0,0.0]
[0.0,0.0]
[0.0,0.0]
[0.42745098039215684,0.42745098039215684]
[0.984313725490196,0.984313725490196]
[0.9921568627450981,0.9921568627450981]
[0.984313725490196,0.984313725490196]
[0.13725490196078433,0.13725490196078433]
[0.0,0.0]
[0.0,0.0]
[0.0,0.0]
[0.0,0.0]
[0.0,0.0]
[0.0,0.0]
[0.0,0.0]
[0.0,0.0]
[0.0,0.0]
[0.0,0.0]
[0.0,0.0]
[0.0,0.0]
[0.1450980392156863,0.1450980392156863]
[0.984313725490196,0.984313725490196]
[0.984313725490196,0.984313725490196]
[0.788235294117647,0.788235294117647]
[0.11764705882352941,0.11764705882352941]
[0.0,0.0]
[0.0,0.0]
[0.0,0.0]
[0.0,0.0]
[0.0,0.0]
[0.0,0.0]
[0.12156862745098039,0.12156862745098039]
[0.7843137254901961,0.7843137254901961]
[0.9921568627450981,0.9921568627450981]
[0.984313725490196,0.984313725490196]
[0.13725490196078433,0.13725490196078433]
[0.0,0.0]
[0.0,0.0]
[0.0,0.0]
[0.0,0.0]
[0.0,0.0]
[0.0,0.0]
[0.0,0.0]
[0.0,0.0]
[0.0,0.0]
[0.0,0.0]
[0.0,0.0]
[0.0,0.0]
[0.1450980392156863,0.1450980392156863]
[0.9921568627450981,0.9921568627450981]
[0.9921568627450981,0.9921568627450981]
[0.0,0.0]
[0.0,0.0]
[0.0,0.0]
[0.0,0.0]
[0.0,0.0]
[0.0,0.0]
[0.0,0.0]
[0.0,0.0]
[0.12549019607843137,0.12549019607843137]
[0.792156862745098,0.792156862745098]
[1.0,1.0]
[0.9921568627450981,0.9921568627450981]
[0.6431372549019608,0.6431372549019608]
[0.0,0.0]
[0.0,0.0]
[0.0,0.0]
[0.0,0.0]
[0.0,0.0]
[0.0,0.0]
[0.0,0.0]
[0.0,0.0]
[0.0,0.0]
[0.0,0.0]
[0.0,0.0]
[0.0,0.0]
[0.5490196078431373,0.5490196078431373]
[0.984313725490196,0.984313725490196]
[0.984313725490196,0.984313725490196]
[0.0,0.0]
[0.0,0.0]
[0.0,0.0]
[0.0,0.0]
[0.0,0.0]
[0.0,0.0]
[0.0,0.0]
[0.0,0.0]
[0.42745098039215684,0.42745098039215684]
[0.984313725490196,0.984313725490196]
[0.9921568627450981,0.9921568627450981]
[0.984313725490196,0.984313725490196]
[0.13725490196078433,0.13725490196078433]
[0.0,0.0]
[0.0,0.0]
[0.0,0.0]
[0.0,0.0]
[0.0,0.0]
[0.0,0.0]
[0.0,0.0]
[0.0,0.0]
[0.0,0.0]
[0.0,0.0]
[0.0,0.0]
[0.0,0.0]
[0.8509803921568627,0.8509803921568627]
[0.984313725490196,0.984313725490196]
[0.984313725490196,0.984313725490196]
[0.0,0.0]
[0.0,0.0]
[0.0,0.0]
[0.0,0.0]
[0.0,0.0]
[0.0,0.0]
[0.08235294117647059,0.08235294117647059]
[0.24705882352941178,0.24705882352941178]
[0.9058823529411765,0.9058823529411765]
[0.984313725490196,0.984313725490196]
[0.9921568627450981,0.9921568627450981]
[0.9019607843137255,0.9019607843137255]
[0.11764705882352941,0.11764705882352941]
[0.0,0.0]
[0.0,0.0]
[0.0,0.0]
[0.0,0.0]
[0.0,0.0]
[0.0,0.0]
[0.0,0.0]
[0.0,0.0]
[0.0,0.0]
[0.0,0.0]
[0.0,0.0]
[0.0,0.0]
[0.8509803921568627,0.8509803921568627]
[0.984313725490196,0.984313725490196]
[0.984313725490196,0.984313725490196]
[0.0,0.0]
[0.0,0.0]
[0.0,0.0]
[0.0,0.0]
[0.0,0.0]
[0.0,0.0]
[0.5647058823529412,0.5647058823529412]
[0.984313725490196,0.984313725490196]
[0.984313725490196,0.984313725490196]
[0.984313725490196,0.984313725490196]
[0.8666666666666667,0.8666666666666667]
[0.23921568627450981,0.23921568627450981]
[0.0,0.0]
[0.0,0.0]
[0.0,0.0]
[0.0,0.0]
[0.0,0.0]
[0.0,0.0]
[0.0,0.0]
[0.0,0.0]
[0.0,0.0]
[0.0,0.0]
[0.0,0.0]
[0.0,0.0]
[0.0,0.0]
[0.8509803921568627,0.8509803921568627]
[0.984313725490196,0.984313725490196]
[0.984313725490196,0.984313725490196]
[0.0,0.0]
[0.0,0.0]
[0.0,0.0]
[0.0,0.0]
[0.0,0.0]
[0.7137254901960784,0.7137254901960784]
[0.8666666666666667,0.8666666666666667]
[0.984313725490196,0.984313725490196]
[0.984313725490196,0.984313725490196]
[0.984313725490196,0.984313725490196]
[0.7058823529411765,0.7058823529411765]
[0.0,0.0]
[0.0,0.0]
[0.0,0.0]
[0.0,0.0]
[0.0,0.0]
[0.0,0.0]
[0.0,0.0]
[0.0,0.0]
[0.0,0.0]
[0.0,0.0]
[0.0,0.0]
[0.0,0.0]
[0.0,0.0]
[0.0,0.0]
[0.8549019607843137,0.8549019607843137]
[0.9921568627450981,0.9921568627450981]
[0.9921568627450981,0.9921568627450981]
[0.28627450980392155,0.28627450980392155]
[0.28627450980392155,0.28627450980392155]
[0.8941176470588236,0.8941176470588236]
[0.9921568627450981,0.9921568627450981]
[0.9921568627450981,0.9921568627450981]
[1.0,1.0]
[0.9921568627450981,0.9921568627450981]
[0.9921568627450981,0.9921568627450981]
[0.9921568627450981,0.9921568627450981]
[0.9921568627450981,0.9921568627450981]
[0.0,0.0]
[0.0,0.0]
[0.0,0.0]
[0.0,0.0]
[0.0,0.0]
[0.0,0.0]
[0.0,0.0]
[0.0,0.0]
[0.0,0.0]
[0.0,0.0]
[0.0,0.0]
[0.0,0.0]
[0.0,0.0]
[0.0,0.0]
[0.0,0.0]
[0.44313725490196076,0.44313725490196076]
[0.984313725490196,0.984313725490196]
[0.984313725490196,0.984313725490196]
[0.9921568627450981,0.9921568627450981]
[0.984313725490196,0.984313725490196]
[0.984313725490196,0.984313725490196]
[0.984313725490196,0.984313725490196]
[0.984313725490196,0.984313725490196]
[0.9921568627450981,0.9921568627450981]
[0.984313725490196,0.984313725490196]
[0.984313725490196,0.984313725490196]
[0.984313725490196,0.984313725490196]
[0.5764705882352941,0.5764705882352941]
[0.0,0.0]
[0.0,0.0]
[0.0,0.0]
[0.0,0.0]
[0.0,0.0]
[0.0,0.0]
[0.0,0.0]
[0.0,0.0]
[0.0,0.0]
[0.0,0.0]
[0.0,0.0]
[0.0,0.0]
[0.0,0.0]
[0.0,0.0]
[0.0,0.0]
[0.12156862745098039,0.12156862745098039]
[0.9019607843137255,0.9019607843137255]
[0.984313725490196,0.984313725490196]
[0.9921568627450981,0.9921568627450981]
[0.984313725490196,0.984313725490196]
[0.984313725490196,0.984313725490196]
[0.984313725490196,0.984313725490196]
[0.984313725490196,0.984313725490196]
[0.9921568627450981,0.9921568627450981]
[0.9019607843137255,0.9019607843137255]
[0.7411764705882353,0.7411764705882353]
[0.13725490196078433,0.13725490196078433]
[0.0392156862745098,0.0392156862745098]
[0.0,0.0]
[0.0,0.0]
[0.0,0.0]
[0.0,0.0]
[0.0,0.0]
[0.0,0.0]
[0.0,0.0]
[0.0,0.0]
[0.0,0.0]
[0.0,0.0]
[0.0,0.0]
[0.0,0.0]
[0.0,0.0]
[0.0,0.0]
[0.0,0.0]
[0.0,0.0]
[0.24313725490196078,0.24313725490196078]
[0.5568627450980392,0.5568627450980392]
[0.9921568627450981,0.9921568627450981]
[0.984313725490196,0.984313725490196]
[0.984313725490196,0.984313725490196]
[0.984313725490196,0.984313725490196]
[0.984313725490196,0.984313725490196]
[0.9921568627450981,0.9921568627450981]
[0.4196078431372549,0.4196078431372549]
[0.0,0.0]
[0.0,0.0]
[0.0,0.0]
[0.0,0.0]
[0.0,0.0]
[0.0,0.0]
[0.0,0.0]
[0.0,0.0]
[0.0,0.0]
[0.0,0.0]
[0.0,0.0]
[0.0,0.0]
[0.0,0.0]
[0.0,0.0]
[0.0,0.0]
[0.0,0.0]
[0.0,0.0]
[0.0,0.0]
[0.0,0.0]
[0.0,0.0]
[0.0,0.0]
[0.2823529411764706,0.2823529411764706]
[0.6823529411764706,0.6823529411764706]
[0.984313725490196,0.984313725490196]
[0.6784313725490196,0.6784313725490196]
[0.2784313725490196,0.2784313725490196]
[0.2823529411764706,0.2823529411764706]
[0.11764705882352941,0.11764705882352941]
[0.0,0.0]
[0.0,0.0]
[0.0,0.0]
[0.0,0.0]
[0.0,0.0]
[0.0,0.0]
[0.0,0.0]
[0.0,0.0]
[0.0,0.0]
[0.0,0.0]
[0.0,0.0]
[0.0,0.0]
[0.0,0.0]
[0.0,0.0]
[0.0,0.0]
[0.0,0.0]
[0.0,0.0]
[0.0,0.0]
[0.0,0.0]
[0.0,0.0]
[0.0,0.0]
[0.0,0.0]
[0.0,0.0]
[0.0,0.0]
[0.0,0.0]
[0.0,0.0]
[0.0,0.0]
[0.0,0.0]
[0.0,0.0]
[0.0,0.0]
[0.0,0.0]
[0.0,0.0]
[0.0,0.0]
[0.0,0.0]
[0.0,0.0]
[0.0,0.0]
[0.0,0.0]
[0.0,0.0]
[0.0,0.0]
[0.0,0.0]
[0.0,0.0]
[0.0,0.0]
[0.0,0.0]
[0.0,0.0]
[0.0,0.0]
[0.0,0.0]
[0.0,0.0]
[0.0,0.0]
[0.0,0.0]
[0.0,0.0]
[0.0,0.0]
[0.0,0.0]
[0.0,0.0]
[0.0,0.0]
[0.0,0.0]
[0.0,0.0]
[0.0,0.0]
[0.0,0.0]
[0.0,0.0]
[0.0,0.0]
[0.0,0.0]
[0.0,0.0]
[0.0,0.0]
[0.0,0.0]
[0.0,0.0]
[0.0,0.0]
[0.0,0.0]
[0.0,0.0]
[0.0,0.0]
[0.0,0.0]
[0.0,0.0]
[0.0,0.0]
[0.0,0.0]
[0.0,0.0]
[0.0,0.0]
[0.0,0.0]
[0.0,0.0]
[0.0,0.0]
[0.0,0.0]
[0.0,0.0]
[0.0,0.0]
[0.0,0.0]
[0.0,0.0]
[0.0,0.0]
[0.0,0.0]
[0.0,0.0]
[0.0,0.0]
[0.0,0.0]
[0.0,0.0]
[0.0,0.0]
[0.0,0.0]
[0.0,0.0]
[0.0,0.0]
[0.0,0.0]
[0.0,0.0]
[0.0,0.0]
[0.0,0.0]
[0.0,0.0]
[0.0,0.0]
[0.0,0.0]
[0.0,0.0]
[0.0,0.0]
[0.0,0.0]
[0.0,0.0]
[0.0,0.0]
[0.0,0.0]
[0.0,0.0]
[0.0,0.0]
[0.0,0.0]
[0.0,0.0]
[0.0,0.0]
[0.0,0.0]
[0.0,0.0]
[0.0,0.0]
[0.0,0.0]
[0.0,0.0]
[0.0,0.0]
[0.0,0.0]
[0.0,0.0]
[0.0,0.0]
[0.0,0.0]
[0.0,0.0]
[0.0,0.0]
[-0.02,0.02]
[-0.02,0.02]
[-0.02,0.02]
[-0.02,0.02]
[-0.02,0.02]
[-0.02,0.02]
[-0.02,0.02]
[-0.02,0.02]
[-0.02,0.02]
[-0.02,0.02]
[-0.02,0.02]
[-0.02,0.02]
[-0.02,0.02]
[-0.02,0.02]
[-0.02,0.02]
[-0.02,0.02]
[-0.02,0.02]
[-0.02,0.02]
[-0.02,0.02]
[-0.02,0.02]
[-0.02,0.02]
[-0.02,0.02]
[-0.02,0.02]
[-0.02,0.02]
[-0.02,0.02]
[-0.02,0.02]
[-0.02,0.02]
[-0.02,0.02]
[-0.02,0.02]
[-0.02,0.02]
[-0.02,0.02]
[-0.02,0.02]
[-0.02,0.02]
[-0.02,0.02]
[-0.02,0.02]
[-0.02,0.02]
[-0.02,0.02]
[-0.02,0.02]
[-0.02,0.02]
[-0.02,0.02]
[-0.02,0.02]
[-0.02,0.02]
[-0.02,0.02]
[-0.02,0.02]
[-0.02,0.02]
[-0.02,0.02]
[-0.02,0.02]
[-0.02,0.02]
[-0.02,0.02]
[-0.02,0.02]
[-0.02,0.02]
[-0.02,0.02]
[-0.02,0.02]
[-0.02,0.02]
[-0.02,0.02]
[-0.02,0.02]
[-0.02,0.02]
[-0.02,0.02]
[-0.02,0.02]
[-0.02,0.02]
[-0.02,0.02]
[-0.02,0.02]
[-0.02,0.02]
[-0.02,0.02]
[-0.02,0.02]
[-0.02,0.02]
[-0.02,0.02]
[-0.02,0.02]
[-0.02,0.02]
[-0.02,0.02]
[-0.02,0.02]
[-0.02,0.02]
[-0.02,0.02]
[-0.02,0.02]
[-0.02,0.02]
[-0.02,0.02]
[-0.02,0.02]
[-0.02,0.02]
[-0.02,0.02]
[-0.02,0.02]
[-0.02,0.02]
[-0.02,0.02]
[-0.02,0.02]
[-0.02,0.02]
[-0.02,0.02]
[-0.02,0.02]
[-0.02,0.02]
[-0.02,0.02]
[-0.02,0.02]
[-0.02,0.02]
[-0.02,0.02]
[-0.02,0.02]
[-0.02,0.02]
[-0.02,0.02]
[-0.02,0.02]
[-0.02,0.02]
[-0.02,0.02]
[-0.02,0.02]
[-0.02,0.02]
[-0.02,0.02]
[-0.02,0.02]
[-0.02,0.02]
[-0.02,0.02]
[-0.02,0.02]
[-0.02,0.02]
[-0.02,0.02]
[-0.02,0.02]
[-0.02,0.02]
[-0.02,0.02]
[-0.02,0.02]
[-0.02,0.02]
[-0.02,0.02]
[-0.02,0.02]
[-0.02,0.02]
[-0.02,0.02]
[-0.02,0.02]
[-0.02,0.02]
[-0.02,0.02]
[-0.02,0.02]
[-0.02,0.02]
[-0.02,0.02]
[-0.02,0.02]
[-0.02,0.02]
[-0.02,0.02]
[0.023137254901960783,0.06313725490196079]
[0.5682352941176471,0.6082352941176471]
[0.972156862745098,1.012156862745098]
[0.772156862745098,0.812156862745098]
[0.10156862745098039,0.1415686274509804]
[-0.02,0.02]
[-0.02,0.02]
[-0.02,0.02]
[-0.02,0.02]
[-0.02,0.02]
[-0.02,0.02]
[-0.02,0.02]
[-0.02,0.02]
[-0.02,0.02]
[-0.02,0.02]
[-0.02,0.02]
[-0.02,0.02]
[-0.02,0.02]
[-0.02,0.02]
[-0.02,0.02]
[-0.02,0.02]
[-0.02,0.02]
[-0.02,0.02]
[-0.02,0.02]
[-0.02,0.02]
[-0.02,0.02]
[-0.02,0.02]
[-0.02,0.02]
[0.1250980392156863,0.16509803921568628]
[0.964313725490196,1.004313725490196]
[0.964313725490196,1.004313725490196]
[0.972156862745098,1.012156862745098]
[0.3996078431372549,0.43960784313725493]
[-0.02,0.02]
[-0.02,0.02]
[-0.02,0.02]
[-0.02,0.02]
[-0.02,0.02]
[-0.02,0.02]
[-0.02,0.02]
[-0.02,0.02]
[-0.02,0.02]
[-0.02,0.02]
[-0.02,0.02]
[-0.02,0.02]
[-0.02,0.02]
[-0.02,0.02]
[-0.02,0.02]
[-0.02,0.02]
[-0.02,0.02]
[-0.02,0.02]
[-0.02,0.02]
[-0.02,0.02]
[-0.02,0.02]
[-0.02,0.02]
[0.06235294117647058,0.10235294117647059]
[0.7525490196078432,0.7925490196078432]
[0.964313725490196,1.004313725490196]
[0.964313725490196,1.004313725490196]
[0.972156862745098,1.012156862745098]
[0.3996078431372549,0.43960784313725493]
[-0.02,0.02]
[-0.02,0.02]
[-0.02,0.02]
[-0.02,0.02]
[-0.02,0.02]
[-0.02,0.02]
[-0.02,0.02]
[-0.02,0.02]
[-0.02,0.02]
[-0.02,0.02]
[-0.02,0.02]
[-0.02,0.02]
[-0.02,0.02]
[-0.02,0.02]
[-0.02,0.02]
[-0.02,0.02]
[-0.02,0.02]
[-0.02,0.02]
[-0.02,0.02]
[-0.02,0.02]
[-0.02,0.02]
[0.41137254901960785,0.4513725490196079]
[0.7250980392156863,0.7650980392156863]
[0.964313725490196,1.004313725490196]
[0.964313725490196,1.004313725490196]
[0.964313725490196,1.004313725490196]
[0.972156862745098,1.012156862745098]
[0.6427450980392156,0.6827450980392157]
[0.4074509803921568,0.44745098039215686]
[0.2231372549019608,0.26313725490196077]
[-0.02,0.02]
[-0.02,0.02]
[-0.02,0.02]
[-0.02,0.02]
[-0.02,0.02]
[-0.02,0.02]
[-0.02,0.02]
[-0.02,0.02]
[-0.02,0.02]
[-0.02,0.02]
[-0.02,0.02]
[-0.02,0.02]
[-0.02,0.02]
[-0.02,0.02]
[-0.02,0.02]
[-0.02,0.02]
[-0.02,0.02]
[-0.02,0.02]
[-0.02,0.02]
[0.972156862745098,1.012156862745098]
[0.964313725490196,1.004313725490196]
[0.964313725490196,1.004313725490196]
[0.964313725490196,1.004313725490196]
[0.964313725490196,1.004313725490196]
[0.972156862745098,1.012156862745098]
[0.964313725490196,1.004313725490196]
[0.964313725490196,1.004313725490196]
[0.8427450980392157,0.8827450980392157]
[0.18000000000000002,0.22]
[-0.02,0.02]
[-0.02,0.02]
[-0.02,0.02]
[-0.02,0.02]
[-0.02,0.02]
[-0.02,0.02]
[-0.02,0.02]
[-0.02,0.02]
[-0.02,0.02]
[-0.02,0.02]
[-0.02,0.02]
[-0.02,0.02]
[-0.02,0.02]
[-0.02,0.02]
[-0.02,0.02]
[-0.02,0.02]
[-0.02,0.02]
[0.6937254901960784,0.7337254901960785]
[0.98,1.02]
[0.972156862745098,1.012156862745098]
[0.972156862745098,1.012156862745098]
[0.972156862745098,1.012156862745098]
[0.972156862745098,1.012156862745098]
[0.8976470588235294,0.9376470588235294]
[0.8505882352941176,0.8905882352941177]
[0.972156862745098,1.012156862745098]
[0.972156862745098,1.012156862745098]
[0.972156862745098,1.012156862745098]
[-0.02,0.02]
[-0.02,0.02]
[-0.02,0.02]
[-0.02,0.02]
[-0.02,0.02]
[-0.02,0.02]
[-0.02,0.02]
[-0.02,0.02]
[-0.02,0.02]
[-0.02,0.02]
[-0.02,0.02]
[-0.02,0.02]
[-0.02,0.02]
[-0.02,0.02]
[-0.02,0.02]
[-0.02,0.02]
[0.22705882352941179,0.2670588235294118]
[0.8466666666666667,0.8866666666666667]
[0.972156862745098,1.012156862745098]
[0.964313725490196,1.004313725490196]
[0.964313725490196,1.004313725490196]
[0.964313725490196,1.004313725490196]
[0.556470588235294,0.5964705882352941]
[0.28196078431372545,0.3219607843137255]
[0.2231372549019608,0.26313725490196077]
[0.48196078431372547,0.5219607843137255]
[0.964313725490196,1.004313725490196]
[0.964313725490196,1.004313725490196]
[0.3917647058823529,0.43176470588235294]
[-0.02,0.02]
[-0.02,0.02]
[-0.02,0.02]
[-0.02,0.02]
[-0.02,0.02]
[-0.02,0.02]
[-0.02,0.02]
[-0.02,0.02]
[-0.02,0.02]
[-0.02,0.02]
[-0.02,0.02]
[-0.02,0.02]
[-0.02,0.02]
[-0.02,0.02]
[0.10549019607843137,0.14549019607843136]
[0.8858823529411765,0.9258823529411765]
[0.964313725490196,1.004313725490196]
[0.972156862745098,1.012156862745098]
[0.964313725490196,1.004313725490196]
[0.8427450980392157,0.8827450980392157]
[0.5172549019607843,0.5572549019607843]
[0.019215686274509803,0.05921568627450981]
[-0.02,0.02]
[-0.02,0.02]
[0.10156862745098039,0.1415686274509804]
[0.8819607843137255,0.9219607843137255]
[0.964313725490196,1.004313725490196]
[0.9329411764705882,0.9729411764705882]
[0.42313725490196075,0.4631372549019608]
[-0.00039215686274509873,0.039607843137254906]
[-0.02,0.02]
[-0.02,0.02]
[-0.02,0.02]
[-0.02,0.02]
[-0.02,0.02]
[-0.02,0.02]
[-0.02,0.02]
[-0.02,0.02]
[-0.02,0.02]
[-0.02,0.02]
[-0.02,0.02]
[-0.02,0.02]
[0.1250980392156863,0.16509803921568628]
[0.964313725490196,1.004313725490196]
[0.964313725490196,1.004313725490196]
[0.972156862745098,1.012156862745098]
[0.7172549019607843,0.7572549019607844]
[0.0584313725490196,0.09843137254901961]
[-0.02,0.02]
[-0.02,0.02]
[-0.02,0.02]
[-0.02,0.02]
[-0.02,0.02]
[0.4074509803921568,0.44745098039215686]
[0.964313725490196,1.004313725490196]
[0.972156862745098,1.012156862745098]
[0.964313725490196,1.004313725490196]
[0.11725490196078432,0.15725490196078432]
[-0.02,0.02]
[-0.02,0.02]
[-0.02,0.02]
[-0.02,0.02]
[-0.02,0.02]
[-0.02,0.02]
[-0.02,0.02]
[-0.02,0.02]
[-0.02,0.02]
[-0.02,0.02]
[-0.02,0.02]
[-0.02,0.02]
[0.1250980392156863,0.16509803921568628]
[0.964313725490196,1.004313725490196]
[0.964313725490196,1.004313725490196]
[0.768235294117647,0.808235294117647]
[0.0976470588235294,0.1376470588235294]
[-0.02,0.02]
[-0.02,0.02]
[-0.02,0.02]
[-0.02,0.02]
[-0.02,0.02]
[-0.02,0.02]
[0.10156862745098039,0.1415686274509804]
[0.764313725490196,0.8043137254901961]
[0.972156862745098,1.012156862745098]
[0.964313725490196,1.004313725490196]
[0.11725490196078432,0.15725490196078432]
[-0.02,0.02]
[-0.02,0.02]
[-0.02,0.02]
[-0.02,0.02]
[-0.02,0.02]
[-0.02,0.02]
[-0.02,0.02]
[-0.02,0.02]
[-0.02,0.02]
[-0.02,0.02]
[-0.02,0.02]
[-0.02,0.02]
[0.1250980392156863,0.16509803921568628]
[0.972156862745098,1.012156862745098]
[0.972156862745098,1.012156862745098]
[-0.02,0.02]
[-0.02,0.02]
[-0.02,0.02]
[-0.02,0.02]
[-0.02,0.02]
[-0.02,0.02]
[-0.02,0.02]
[-0.02,0.02]
[0.10549019607843137,0.14549019607843136]
[0.772156862745098,0.812156862745098]
[0.98,1.02]
[0.972156862745098,1.012156862745098]
[0.6231372549019608,0.6631372549019608]
[-0.02,0.02]
[-0.02,0.02]
[-0.02,0.02]
[-0.02,0.02]
[-0.02,0.02]
[-0.02,0.02]
[-0.02,0.02]
[-0.02,0.02]
[-0.02,0.02]
[-0.02,0.02]
[-0.02,0.02]
[-0.02,0.02]
[0.5290196078431373,0.5690196078431373]
[0.964313725490196,1.004313725490196]
[0.964313725490196,1.004313725490196]
[-0.02,0.02]
[-0.02,0.02]
[-0.02,0.02]
[-0.02,0.02]
[-0.02,0.02]
[-0.02,0.02]
[-0.02,0.02]
[-0.02,0.02]
[0.4074509803921568,0.44745098039215686]
[0.964313725490196,1.004313725490196]
[0.972156862745098,1.012156862745098]
[0.964313725490196,1.004313725490196]
[0.11725490196078432,0.15725490196078432]
[-0.02,0.02]
[-0.02,0.02]
[-0.02,0.02]
[-0.02,0.02]
[-0.02,0.02]
[-0.02,0.02]
[-0.02,0.02]
[-0.02,0.02]
[-0.02,0.02]
[-0.02,0.02]
[-0.02,0.02]
[-0.02,0.02]
[0.8309803921568627,0.8709803921568627]
[0.964313725490196,1.004313725490196]
[0.964313725490196,1.004313725490196]
[-0.02,0.02]
[-0.02,0.02]
[-0.02,0.02]
[-0.02,0.02]
[-0.02,0.02]
[-0.02,0.02]
[0.06235294117647058,0.10235294117647059]
[0.22705882352941179,0.2670588235294118]
[0.8858823529411765,0.9258823529411765]
[0.964313725490196,1.004313725490196]
[0.972156862745098,1.012156862745098]
[0.8819607843137255,0.9219607843137255]
[0.0976470588235294,0.1376470588235294]
[-0.02,0.02]
[-0.02,0.02]
[-0.02,0.02]
[-0.02,0.02]
[-0.02,0.02]
[-0.02,0.02]
[-0.02,0.02]
[-0.02,0.02]
[-0.02,0.02]
[-0.02,0.02]
[-0.02,0.02]
[-0.02,0.02]
[0.8309803921568627,0.8709803921568627]
[0.964313725490196,1.004313725490196]
[0.964313725490196,1.004313725490196]
[-0.02,0.02]
[-0.02,0.02]
[-0.02,0.02]
[-0.02,0.02]
[-0.02,0.02]
[-0.02,0.02]
[0.5447058823529412,0.5847058823529412]
[0.964313725490196,1.004313725490196]
[0.964313725490196,1.004313725490196]
[0.964313725490196,1.004313725490196]
[0.8466666666666667,0.8866666666666667]
[0.21921568627450982,0.2592156862745098]
[-0.02,0.02]
[-0.02,0.02]
[-0.02,0.02]
[-0.02,0.02]
[-0.02,0.02]
[-0.02,0.02]
[-0.02,0.02]
[-0.02,0.02]
[-0.02,0.02]
[-0.02,0.02]
[-0.02,0.02]
[-0.02,0.02]
[-0.02,0.02]
[0.8309803921568627,0.8709803921568627]
[0.964313725490196,1.004313725490196]
[0.964313725490196,1.004313725490196]
[-0.02,0.02]
[-0.02,0.02]
[-0.02,0.02]
[-0.02,0.02]
[-0.02,0.02]
[0.6937254901960784,0.7337254901960785]
[0.8466666666666667,0.8866666666666667]
[0.964313725490196,1.004313725490196]
[0.964313725490196,1.004313725490196]
[0.964313725490196,1.004313725490196]
[0.6858823529411765,0.7258823529411765]
[-0.02,0.02]
[-0.02,0.02]
[-0.02,0.02]
[-0.02,0.02]
[-0.02,0.02]
[-0.02,0.02]
[-0.02,0.02]
[-0.02,0.02]
[-0.02,0.02]
[-0.02,0.02]
[-0.02,0.02]
[-0.02,0.02]
[-0.02,0.02]
[-0.02,0.02]
[0.8349019607843137,0.8749019607843137]
[0.972156862745098,1.012156862745098]
[0.972156862745098,1.012156862745098]
[0.26627450980392153,0.30627450980392157]
[0.26627450980392153,0.30627450980392157]
[0.8741176470588236,0.9141176470588236]
[0.972156862745098,1.012156862745098]
[0.972156862745098,1.012156862745098]
[0.98,1.02]
[0.972156862745098,1.012156862745098]
[0.972156862745098,1.012156862745098]
[0.972156862745098,1.012156862745098]
[0.972156862745098,1.012156862745098]
[-0.02,0.02]
[-0.02,0.02]
[-0.02,0.02]
[-0.02,0.02]
[-0.02,0.02]
[-0.02,0.02]
[-0.02,0.02]
[-0.02,0.02]
[-0.02,0.02]
[-0.02,0.02]
[-0.02,0.02]
[-0.02,0.02]
[-0.02,0.02]
[-0.02,0.02]
[-0.02,0.02]
[0.42313725490196075,0.4631372549019608]
[0.964313725490196,1.004313725490196]
[0.964313725490196,1.004313725490196]
[0.972156862745098,1.012156862745098]
[0.964313725490196,1.004313725490196]
[0.964313725490196,1.004313725490196]
[0.964313725490196,1.004313725490196]
[0.964313725490196,1.004313725490196]
[0.972156862745098,1.012156862745098]
[0.964313725490196,1.004313725490196]
[0.964313725490196,1.004313725490196]
[0.964313725490196,1.004313725490196]
[0.556470588235294,0.5964705882352941]
[-0.02,0.02]
[-0.02,0.02]
[-0.02,0.02]
[-0.02,0.02]
[-0.02,0.02]
[-0.02,0.02]
[-0.02,0.02]
[-0.02,0.02]
[-0.02,0.02]
[-0.02,0.02]
[-0.02,0.02]
[-0.02,0.02]
[-0.02,0.02]
[-0.02,0.02]
[-0.02,0.02]
[0.10156862745098039,0.1415686274509804]
[0.8819607843137255,0.9219607843137255]
[0.964313725490196,1.004313725490196]
[0.972156862745098,1.012156862745098]
[0.964313725490196,1.004313725490196]
[0.964313725490196,1.004313725490196]
[0.964313725490196,1.004313725490196]
[0.964313725490196,1.004313725490196]
[0.972156862745098,1.012156862745098]
[0.8819607843137255,0.9219607843137255]
[0.7211764705882353,0.7611764705882353]
[0.11725490196078432,0.15725490196078432]
[0.019215686274509803,0.05921568627450981]
[-0.02,0.02]
[-0.02,0.02]
[-0.02,0.02]
[-0.02,0.02]
[-0.02,0.02]
[-0.02,0.02]
[-0.02,0.02]
[-0.02,0.02]
[-0.02,0.02]
[-0.02,0.02]
[-0.02,0.02]
[-0.02,0.02]
[-0.02,0.02]
[-0.02,0.02]
[-0.02,0.02]
[-0.02,0.02]
[0.2231372549019608,0.26313725490196077]
[0.5368627450980392,0.5768627450980393]
[0.972156862745098,1.012156862745098]
[0.964313725490196,1.004313725490196]
[0.964313725490196,1.004313725490196]
[0.964313725490196,1.004313725490196]
[0.964313725490196,1.004313725490196]
[0.972156862745098,1.012156862745098]
[0.3996078431372549,0.43960784313725493]
[-0.02,0.02]
[-0.02,0.02]
[-0.02,0.02]
[-0.02,0.02]
[-0.02,0.02]
[-0.02,0.02]
[-0.02,0.02]
[-0.02,0.02]
[-0.02,0.02]
[-0.02,0.02]
[-0.02,0.02]
[-0.02,0.02]
[-0.02,0.02]
[-0.02,0.02]
[-0.02,0.02]
[-0.02,0.02]
[-0.02,0.02]
[-0.02,0.02]
[-0.02,0.02]
[-0.02,0.02]
[-0.02,0.02]
[0.26235294117647057,0.3023529411764706]
[0.6623529411764706,0.7023529411764706]
[0.964313725490196,1.004313725490196]
[0.6584313725490196,0.6984313725490197]
[0.2584313725490196,0.29843137254901964]
[0.26235294117647057,0.3023529411764706]
[0.0976470588235294,0.1376470588235294]
[-0.02,0.02]
[-0.02,0.02]
[-0.02,0.02]
[-0.02,0.02]
[-0.02,0.02]
[-0.02,0.02]
[-0.02,0.02]
[-0.02,0.02]
[-0.02,0.02]
[-0.02,0.02]
[-0.02,0.02]
[-0.02,0.02]
[-0.02,0.02]
[-0.02,0.02]
[-0.02,0.02]
[-0.02,0.02]
[-0.02,0.02]
[-0.02,0.02]
[-0.02,0.02]
[-0.02,0.02]
[-0.02,0.02]
[-0.02,0.02]
[-0.02,0.02]
[-0.02,0.02]
[-0.02,0.02]
[-0.02,0.02]
[-0.02,0.02]
[-0.02,0.02]
[-0.02,0.02]
[-0.02,0.02]
[-0.02,0.02]
[-0.02,0.02]
[-0.02,0.02]
[-0.02,0.02]
[-0.02,0.02]
[-0.02,0.02]
[-0.02,0.02]
[-0.02,0.02]
[-0.02,0.02]
[-0.02,0.02]
[-0.02,0.02]
[-0.02,0.02]
[-0.02,0.02]
[-0.02,0.02]
[-0.02,0.02]
[-0.02,0.02]
[-0.02,0.02]
[-0.02,0.02]
[-0.02,0.02]
[-0.02,0.02]
[-0.02,0.02]
[-0.02,0.02]
[-0.02,0.02]
[-0.02,0.02]
[-0.02,0.02]
[-0.02,0.02]
[-0.02,0.02]
[-0.02,0.02]
[-0.02,0.02]
[-0.02,0.02]
[-0.02,0.02]
[-0.02,0.02]
[-0.02,0.02]
[-0.02,0.02]
[-0.02,0.02]
[-0.02,0.02]
[-0.02,0.02]
[-0.02,0.02]
[-0.02,0.02]
[-0.02,0.02]
[-0.02,0.02]
[-0.02,0.02]
[-0.02,0.02]
[-0.02,0.02]
[-0.02,0.02]
[-0.02,0.02]
[-0.02,0.02]
[-0.02,0.02]
[-0.02,0.02]
[-0.02,0.02]
[-0.02,0.02]
[-0.02,0.02]
[-0.02,0.02]
[-0.02,0.02]
[-0.02,0.02]
[-0.02,0.02]
[-0.02,0.02]
[-0.02,0.02]
[-0.02,0.02]
[-0.02,0.02]
[-0.02,0.02]
[-0.02,0.02]
[-0.02,0.02]
[-0.02,0.02]
[-0.02,0.02]
[-0.02,0.02]
[-0.02,0.02]
[-0.02,0.02]
[-0.02,0.02]
[-0.02,0.02]
[-0.02,0.02]
[-0.02,0.02]
[-0.02,0.02]
[-0.02,0.02]
[-0.02,0.02]
[-0.02,0.02]
[-0.02,0.02]
[-0.02,0.02]
[-0.02,0.02]
[-0.02,0.02]
[-0.02,0.02]
[-0.02,0.02]
[-0.02,0.02]
[-0.02,0.02]
[-0.02,0.02]
[-0.02,0.02]
[-0.02,0.02]
[-0.02,0.02]
[-0.02,0.02]
[-0.02,0.02]
[-0.02,0.02]
[-0.02,0.02]
[-0.02,0.02]
