[0.0,0.0]
[0.0,0.0]
[0.0,0.0]
[0.0,0.0]
[0.0,0.0]
[0.0,0.0]
[0.0,0.0]
[0.0,0.0]
[0.0,0.0]
[0.0,0.0]
[0.0,0.0]
[0.0,0.0]
[0.0,0.0]
[0.0,0.0]
[0.0,0.0]
[0.0,0.0]
[0.0,0.0]
[0.0,0.0]
[0.0,0.0]
[0.0,0.0]
[0.0,0.0]
[0.0,0.0]
[0.0,0.0]
[0.0,0.0]
[0.0,0.0]
[0.0,0.0]
[0.0,0.0]
[0.0,0.0]
[0.0,0.0]
[0.0,0.0]
[0.0,0.0]
[0.0,0.0]
[0.0,0.0]
[0.0,0.0]
[0.0,0.0]
[0.0,0.0]
[0.0,0.0]
[0.0,0.0]
[0.0,0.0]
[0.0,0.0]
[0.0,0.0]
[0.0,0.0]
[0.0,0.0]
[0.0,0.0]
[0.0,0.0]
[0.0,0.0]
[0.0,0.0]
[0.0,0.0]
[0.0,0.0]
[0.0,0.0]
[0.0,0.0]
[0.0,0.0]
[0.0,0.0]
[0.0,0.0]
[0.0,0.0]
[0.0,0.0]
[0.0,0.0]
[0.0,0.0]
[0.0,0.0]
[0.0,0.0]
[0.0,0.0]
[0.0,0.0]
[0.0,0.0]
[0.0,0.0]
[0.0,0.0]
[0.0,0.0]
[0.0,0.0]
[0.0,0.0]
[0.0,0.0]
[0.0,0.0]
[0.0,0.0]
[0.0,0.0]
[0.0,0.0]
[0.0,0.0]
[0.0,0.0]
[0.0,0.0]
[0.0,0.0]
[0.0,0.0]
[0.0,0.0]
[0.0,0.0]
[0.0,0.0]
[0.0,0.0]
[0.0,0.0]
[0.0,0.0]
[0.0,0.0]
[0.0,0.0]
[0.0,0.0]
[0.0,0.0]
[0.0,0.0]
[0.0,0.0]
[0.0,0.0]
[0.0,0.0]
[0.0,0.0]
[0.0,0.0]
[0.0,0.0]
[0.0,0.0]
[0.0,0.0]
[0.0,0.0]
[0.0,0.0]
[0.0,0.0]
[0.0,0.0]
[0.0,0.0]
[0.0,0.0]
[0.0,0.0]
[0.0,0.0]
[0.0,0.0]
[0.0,0.0]
[0.0,0.0]
[0.0,0.0]
[0.0,0.0]
[0.0,0.0]
[0.0,0.0]
[0.0,0.0]
[0.0,0.0]
[0.0,0.0]
[0.0,0.0]
[0.0,0.0]
[0.0,0.0]
[0.0,0.0]
[0.0,0.0]
[0.0,0.0]
[0.0,0.0]
[0.0,0.0]
[0.0,0.0]
[0.0,0.0]
[0.0,0.0]
[0.0,0.0]
[0.0,0.0]
[0.0,0.0]
[0.0,0.0]
[0.0,0.0]
[0.0,0.0]
[0.0,0.0]
[0.0,0.0]
[0.0,0.0]
[0.0,0.0]
[0.0,0.0]
[0.0,0.0]
[0.0,0.0]
[0.0,0.0]
[0.0,0.0]
[0.0,0.0]
[0.0,0.0]
[0.0,0.0]
[0.0,0.0]
[0.0,0.0]
[0.0,0.0]
[0.0,0.0]
[0.38823529411764707,0.38823529411764707]
[0.996078431372549,0.996078431372549]
[0.996078431372549,0.996078431372549]
[0.996078431372549,0.996078431372549]
[0.996078431372549,0.996078431372549]
[0.8509803921568627,0.8509803921568627]
[0.4627450980392157,0.4627450980392157]
[0.1607843137254902,0.1607843137254902]
[0.0,0.0]
[0.0,0.0]
[0.0,0.0]
[0.0,0.0]
[0.0,0.0]
[0.0,0.0]
[0.0,0.0]
[0.0,0.0]
[0.0,0.0]
[0.0,0.0]
[0.0,0.0]
[0.0,0.0]
[0.0,0.0]
[0.0,0.0]
[0.0,0.0]
[0.0,0.0]
[0.0,0.0]
[0.0,0.0]
[0.0,0.0]
[0.6980392156862745,0.6980392156862745]
[0.9686274509803922,0.9686274509803922]
[0.9921568627450981,0.9921568627450981]
[0.9921568627450981,0.9921568627450981]
[0.9921568627450981,0.9921568627450981]
[0.9921568627450981,0.9921568627450981]
[0.9921568627450981,0.9921568627450981]
[0.9921568627450981,0.9921568627450981]
[0.5490196078431373,0.5490196078431373]
[0.0,0.0]
[0.0,0.0]
[0.0,0.0]
[0.0,0.0]
[0.0,0.0]
[0.0,0.0]
[0.0,0.0]
[0.0,0.0]
[0.0,0.0]
[0.0,0.0]
[0.0,0.0]
[0.0,0.0]
[0.0,0.0]
[0.0,0.0]
[0.0,0.0]
[0.0,0.0]
[0.0,0.0]
[0.0,0.0]
[0.25098039215686274,0.25098039215686274]
[0.9568627450980393,0.9568627450980393]
[0.9921568627450981,0.9921568627450981]
[0.8156862745098039,0.8156862745098039]
[0.6941176470588235,0.6941176470588235]
[0.6941176470588235,0.6941176470588235]
[0.21568627450980393,0.21568627450980393]
[0.38823529411764707,0.38823529411764707]
[0.9921568627450981,0.9921568627450981]
[0.9764705882352941,0.9764705882352941]
[0.3607843137254902,0.3607843137254902]
[0.0,0.0]
[0.0,0.0]
[0.0,0.0]
[0.0,0.0]
[0.0,0.0]
[0.0,0.0]
[0.0,0.0]
[0.0,0.0]
[0.0,0.0]
[0.0,0.0]
[0.0,0.0]
[0.0,0.0]
[0.0,0.0]
[0.0,0.0]
[0.0,0.0]
[0.0,0.0]
[0.0,0.0]
[0.07450980392156863,0.07450980392156863]
[0.6470588235294118,0.6470588235294118]
[0.7019607843137254,0.7019607843137254]
[0.09803921568627451,0.09803921568627451]
[0.0,0.0]
[0.0,0.0]
[0.0,0.0]
[0.27058823529411763,0.27058823529411763]
[0.9921568627450981,0.9921568627450981]
[0.9921568627450981,0.9921568627450981]
[0.42745098039215684,0.42745098039215684]
[0.0,0.0]
[0.0,0.0]
[0.0,0.0]
[0.0,0.0]
[0.0,0.0]
[0.0,0.0]
[0.0,0.0]
[0.0,0.0]
[0.0,0.0]
[0.0,0.0]
[0.0,0.0]
[0.0,0.0]
[0.0,0.0]
[0.0,0.0]
[0.0,0.0]
[0.0,0.0]
[0.0,0.0]
[0.0,0.0]
[0.0,0.0]
[0.0,0.0]
[0.0,0.0]
[0.0,0.0]
[0.0,0.0]
[0.0,0.0]
[0.27058823529411763,0.27058823529411763]
[0.9921568627450981,0.9921568627450981]
[0.9764705882352941,0.9764705882352941]
[0.37254901960784315,0.37254901960784315]
[0.0,0.0]
[0.0,0.0]
[0.0,0.0]
[0.0,0.0]
[0.0,0.0]
[0.0,0.0]
[0.0,0.0]
[0.0,0.0]
[0.0,0.0]
[0.0,0.0]
[0.0,0.0]
[0.0,0.0]
[0.0,0.0]
[0.0,0.0]
[0.0,0.0]
[0.0,0.0]
[0.0,0.0]
[0.0,0.0]
[0.0,0.0]
[0.0,0.0]
[0.0,0.0]
[0.0,0.0]
[0.0,0.0]
[0.050980392156862744,0.050980392156862744]
[0.6,0.6]
[0.9921568627450981,0.9921568627450981]
[0.5607843137254902,0.5607843137254902]
[0.0,0.0]
[0.0,0.0]
[0.0,0.0]
[0.0,0.0]
[0.0,0.0]
[0.0,0.0]
[0.0,0.0]
[0.0,0.0]
[0.0,0.0]
[0.0,0.0]
[0.0,0.0]
[0.0,0.0]
[0.0,0.0]
[0.0,0.0]
[0.0,0.0]
[0.0,0.0]
[0.0,0.0]
[0.0,0.0]
[0.0,0.0]
[0.0,0.0]
[0.0,0.0]
[0.0,0.0]
[0.0,0.0]
[0.2235294117647059,0.2235294117647059]
[0.9411764705882353,0.9411764705882353]
[0.9921568627450981,0.9921568627450981]
[0.9921568627450981,0.9921568627450981]
[0.34901960784313724,0.34901960784313724]
[0.0,0.0]
[0.0,0.0]
[0.0,0.0]
[0.0,0.0]
[0.0,0.0]
[0.0,0.0]
[0.0,0.0]
[0.0,0.0]
[0.0,0.0]
[0.0,0.0]
[0.0,0.0]
[0.0,0.0]
[0.0,0.0]
[0.0,0.0]
[0.0,0.0]
[0.0,0.0]
[0.0,0.0]
[0.0,0.0]
[0.0,0.0]
[0.0,0.0]
[0.0,0.0]
[0.023529411764705882,0.023529411764705882]
[0.43529411764705883,0.43529411764705883]
[0.9686274509803922,0.9686274509803922]
[0.9921568627450981,0.9921568627450981]
[0.9921568627450981,0.9921568627450981]
[0.8901960784313725,0.8901960784313725]
[0.1607843137254902,0.1607843137254902]
[0.0,0.0]
[0.0,0.0]
[0.0,0.0]
[0.0,0.0]
[0.0,0.0]
[0.0,0.0]
[0.0,0.0]
[0.0,0.0]
[0.0,0.0]
[0.0,0.0]
[0.0,0.0]
[0.0,0.0]
[0.0,0.0]
[0.0,0.0]
[0.0,0.0]
[0.0,0.0]
[0.0,0.0]
[0.0,0.0]
[0.0,0.0]
[0.0,0.0]
[0.12156862745098039,0.12156862745098039]
[0.8941176470588236,0.8941176470588236]
[0.9921568627450981,0.9921568627450981]
[0.9921568627450981,0.9921568627450981]
[0.9921568627450981,0.9921568627450981]
[0.9921568627450981,0.9921568627450981]
[0.9921568627450981,0.9921568627450981]
[0.8666666666666667,0.8666666666666667]
[0.34509803921568627,0.34509803921568627]
[0.0,0.0]
[0.0,0.0]
[0.0,0.0]
[0.0,0.0]
[0.0,0.0]
[0.0,0.0]
[0.0,0.0]
[0.0,0.0]
[0.0,0.0]
[0.0,0.0]
[0.0,0.0]
[0.0,0.0]
[0.0,0.0]
[0.0,0.0]
[0.0,0.0]
[0.0,0.0]
[0.0,0.0]
[0.0,0.0]
[0.0,0.0]
[0.13725490196078433,0.13725490196078433]
[0.9921568627450981,0.9921568627450981]
[0.9921568627450981,0.9921568627450981]
[0.9921568627450981,0.9921568627450981]
[0.9921568627450981,0.9921568627450981]
[0.9921568627450981,0.9921568627450981]
[0.9921568627450981,0.9921568627450981]
[0.9921568627450981,0.9921568627450981]
[0.9882352941176471,0.9882352941176471]
[0.807843137254902,0.807843137254902]
[0.18823529411764706,0.18823529411764706]
[0.0,0.0]
[0.0,0.0]
[0.0,0.0]
[0.0,0.0]
[0.0,0.0]
[0.0,0.0]
[0.0,0.0]
[0.0,0.0]
[0.0,0.0]
[0.0,0.0]
[0.0,0.0]
[0.0,0.0]
[0.0,0.0]
[0.0,0.0]
[0.0,0.0]
[0.0,0.0]
[0.0,0.0]
[0.10980392156862745,0.10980392156862745]
[0.803921568627451,0.803921568627451]
[0.803921568627451,0.803921568627451]
[0.803921568627451,0.803921568627451]
[0.3215686274509804,0.3215686274509804]
[0.26666666666666666,0.26666666666666666]
[0.26666666666666666,0.26666666666666666]
[0.7372549019607844,0.7372549019607844]
[0.9921568627450981,0.9921568627450981]
[0.9921568627450981,0.9921568627450981]
[0.8862745098039215,0.8862745098039215]
[0.2,0.2]
[0.0,0.0]
[0.0,0.0]
[0.0,0.0]
[0.0,0.0]
[0.0,0.0]
[0.0,0.0]
[0.0,0.0]
[0.0,0.0]
[0.0,0.0]
[0.0,0.0]
[0.0,0.0]
[0.0,0.0]
[0.0,0.0]
[0.0,0.0]
[0.0,0.0]
[0.0,0.0]
[0.0,0.0]
[0.0,0.0]
[0.0,0.0]
[0.0,0.0]
[0.0,0.0]
[0.0,0.0]
[0.0,0.0]
[0.22745098039215686,0.22745098039215686]
[0.6549019607843137,0.6549019607843137]
[0.9921568627450981,0.9921568627450981]
[0.9921568627450981,0.9921568627450981]
[0.8784313725490196,0.8784313725490196]
[0.1411764705882353,0.1411764705882353]
[0.0,0.0]
[0.0,0.0]
[0.0,0.0]
[0.0,0.0]
[0.0,0.0]
[0.0,0.0]
[0.0,0.0]
[0.0,0.0]
[0.0,0.0]
[0.0,0.0]
[0.0,0.0]
[0.0,0.0]
[0.0,0.0]
[0.0,0.0]
[0.0,0.0]
[0.0,0.0]
[0.0,0.0]
[0.0,0.0]
[0.0,0.0]
[0.0,0.0]
[0.0,0.0]
[0.0,0.0]
[0.0,0.0]
[0.011764705882352941,0.011764705882352941]
[0.6901960784313725,0.6901960784313725]
[0.9921568627450981,0.9921568627450981]
[0.9921568627450981,0.9921568627450981]
[0.22745098039215686,0.22745098039215686]
[0.0,0.0]
[0.0,0.0]
[0.0,0.0]
[0.0,0.0]
[0.0,0.0]
[0.0,0.0]
[0.0,0.0]
[0.0,0.0]
[0.0,0.0]
[0.0,0.0]
[0.0,0.0]
[0.0,0.0]
[0.0,0.0]
[0.0,0.0]
[0.0,0.0]
[0.0,0.0]
[0.0,0.0]
[0.0,0.0]
[0.0,0.0]
[0.0,0.0]
[0.0,0.0]
[0.0,0.0]
[0.0,0.0]
[0.0,0.0]
[0.0,0.0]
[0.6784313725490196,0.6784313725490196]
[0.9921568627450981,0.9921568627450981]
[0.8666666666666667,0.8666666666666667]
[0.1450980392156863,0.1450980392156863]
[0.0,0.0]
[0.0,0.0]
[0.0,0.0]
[0.0,0.0]
[0.0,0.0]
[0.0,0.0]
[0.0,0.0]
[0.0,0.0]
[0.0,0.0]
[0.0,0.0]
[0.0,0.0]
[0.0,0.0]
[0.0,0.0]
[0.0,0.0]
[0.0,0.0]
[0.0,0.0]
[0.0,0.0]
[0.0,0.0]
[0.0,0.0]
[0.0,0.0]
[0.0,0.0]
[0.0,0.0]
[0.0,0.0]
[0.0,0.0]
[0.40784313725490196,0.40784313725490196]
[0.9921568627450981,0.9921568627450981]
[0.9921568627450981,0.9921568627450981]
[0.29411764705882354,0.29411764705882354]
[0.0,0.0]
[0.0,0.0]
[0.0,0.0]
[0.0,0.0]
[0.0,0.0]
[0.0,0.0]
[0.0,0.0]
[0.0,0.0]
[0.0,0.0]
[0.0,0.0]
[0.0,0.0]
[0.0,0.0]
[0.0,0.0]
[0.0,0.0]
[0.0,0.0]
[0.0,0.0]
[0.0,0.0]
[0.0,0.0]
[0.0,0.0]
[0.0,0.0]
[0.0,0.0]
[0.0,0.0]
[0.0,0.0]
[0.1607843137254902,0.1607843137254902]
[0.8901960784313725,0.8901960784313725]
[0.9921568627450981,0.9921568627450981]
[0.9921568627450981,0.9921568627450981]
[0.29411764705882354,0.29411764705882354]
[0.0,0.0]
[0.0,0.0]
[0.0,0.0]
[0.0,0.0]
[0.0,0.0]
[0.0,0.0]
[0.0,0.0]
[0.0,0.0]
[0.0,0.0]
[0.0,0.0]
[0.0,0.0]
[0.0,0.0]
[0.0,0.0]
[0.0,0.0]
[0.0,0.0]
[0.0,0.0]
[0.0,0.0]
[0.0,0.0]
[0.0,0.0]
[0.0,0.0]
[0.047058823529411764,0.047058823529411764]
[0.24705882352941178,0.24705882352941178]
[0.5490196078431373,0.5490196078431373]
[0.8862745098039215,0.8862745098039215]
[0.9921568627450981,0.9921568627450981]
[0.9921568627450981,0.9921568627450981]
[0.9333333333333333,0.9333333333333333]
[0.2235294117647059,0.2235294117647059]
[0.0,0.0]
[0.0,0.0]
[0.0,0.0]
[0.0,0.0]
[0.0,0.0]
[0.0,0.0]
[0.0,0.0]
[0.0,0.0]
[0.0,0.0]
[0.0,0.0]
[0.0,0.0]
[0.0,0.0]
[0.0,0.0]
[0.0,0.0]
[0.0,0.0]
[0.0,0.0]
[0.0,0.0]
[0.1607843137254902,0.1607843137254902]
[0.16470588235294117,0.16470588235294117]
[0.6,0.6]
[0.7568627450980392,0.7568627450980392]
[0.9921568627450981,0.9921568627450981]
[0.9921568627450981,0.9921568627450981]
[0.9921568627450981,0.9921568627450981]
[0.9921568627450981,0.9921568627450981]
[0.8509803921568627,0.8509803921568627]
[0.33725490196078434,0.33725490196078434]
[0.0,0.0]
[0.0,0.0]
[0.0,0.0]
[0.0,0.0]
[0.0,0.0]
[0.0,0.0]
[0.0,0.0]
[0.0,0.0]
[0.0,0.0]
[0.0,0.0]
[0.0,0.0]
[0.0,0.0]
[0.0,0.0]
[0.0,0.0]
[0.0,0.0]
[0.011764705882352941,0.011764705882352941]
[0.11372549019607843,0.11372549019607843]
[0.6196078431372549,0.6196078431372549]
[0.984313725490196,0.984313725490196]
[0.9921568627450981,0.9921568627450981]
[0.9921568627450981,0.9921568627450981]
[0.9921568627450981,0.9921568627450981]
[0.9921568627450981,0.9921568627450981]
[0.9921568627450981,0.9921568627450981]
[0.9098039215686274,0.9098039215686274]
[0.4,0.4]
[0.050980392156862744,0.050980392156862744]
[0.0,0.0]
[0.0,0.0]
[0.0,0.0]
[0.0,0.0]
[0.0,0.0]
[0.0,0.0]
[0.0,0.0]
[0.0,0.0]
[0.0,0.0]
[0.0,0.0]
[0.0,0.0]
[0.0,0.0]
[0.0,0.0]
[0.0,0.0]
[0.0,0.0]
[0.0,0.0]
[0.06274509803921569,0.06274509803921569]
[0.4549019607843137,0.4549019607843137]
[0.7294117647058823,0.7294117647058823]
[0.9921568627450981,0.9921568627450981]
[0.9921568627450981,0.9921568627450981]
[0.9921568627450981,0.9921568627450981]
[0.8901960784313725,0.8901960784313725]
[0.4549019607843137,0.4549019607843137]
[0.44313725490196076,0.44313725490196076]
[0.0,0.0]
[0.0,0.0]
[0.0,0.0]
[0.0,0.0]
[0.0,0.0]
[0.0,0.0]
[0.0,0.0]
[0.0,0.0]
[0.0,0.0]
[0.0,0.0]
[0.0,0.0]
[0.0,0.0]
[0.0,0.0]
[0.0,0.0]
[0.0,0.0]
[0.0,0.0]
[0.0,0.0]
[0.0,0.0]
[0.0,0.0]
[0.0,0.0]
[0.0,0.0]
[0.0,0.0]
[0.0,0.0]
[0.0,0.0]
[0.0,0.0]
[0.0,0.0]
[0.0,0.0]
[0.0,0.0]
[0.0,0.0]
[0.0,0.0]
[0.0,0.0]
[0.0,0.0]
[0.0,0.0]
[0.0,0.0]
[0.0,0.0]
[0.0,0.0]
[0.0,0.0]
[0.0,0.0]
[0.0,0.0]
[0.0,0.0]
[0.0,0.0]
[0.0,0.0]
[0.0,0.0]
[0.0,0.0]
[0.0,0.0]
[0.0,0.0]
[0.0,0.0]
[0.0,0.0]
[0.0,0.0]
[0.0,0.0]
[0.0,0.0]
[0.0,0.0]
[0.0,0.0]
[0.0,0.0]
[0.0,0.0]
[0.0,0.0]
[0.0,0.0]
[0.0,0.0]
[0.0,0.0]
[0.0,0.0]
[0.0,0.0]
[0.0,0.0]
[0.0,0.0]
[0.0,0.0]
[0.0,0.0]
[0.0,0.0]
[0.0,0.0]
[0.0,0.0]
[0.0,0.0]
[0.0,0.0]
[0.0,0.0]
[0.0,0.0]
[0.0,0.0]
[0.0,0.0]
[0.0,0.0]
[0.0,0.0]
[0.0,0.0]
[0.0,0.0]
[0.0,0.0]
[0.0,0.0]
[0.0,0.0]
[0.0,0.0]
[0.0,0.0]
[0.0,0.0]
[0.0,0.0]
[0.0,0.0]
[0.0,0.0]
[0.0,0.0]
[0.0,0.0]
[0.0,0.0]
[0.0,0.0]
[0.0,0.0]
[0.0,0.0]
[0.0,0.0]
[0.0,0.0]
[-0.03,0.03]
[-0.03,0.03]
[-0.03,0.03]
[-0.03,0.03]
[-0.03,0.03]
[-0.03,0.03]
[-0.03,0.03]
[-0.03,0.03]
[-0.03,0.03]
[-0.03,0.03]
[-0.03,0.03]
[-0.03,0.03]
[-0.03,0.03]
[-0.03,0.03]
[-0.03,0.03]
[-0.03,0.03]
[-0.03,0.03]
[-0.03,0.03]
[-0.03,0.03]
[-0.03,0.03]
[-0.03,0.03]
[-0.03,0.03]
[-0.03,0.03]
[-0.03,0.03]
[-0.03,0.03]
[-0.03,0.03]
[-0.03,0.03]
[-0.03,0.03]
[-0.03,0.03]
[-0.03,0.03]
[-0.03,0.03]
[-0.03,0.03]
[-0.03,0.03]
[-0.03,0.03]
[-0.03,0.03]
[-0.03,0.03]
[-0.03,0.03]
[-0.03,0.03]
[-0.03,0.03]
[-0.03,0.03]
[-0.03,0.03]
[-0.03,0.03]
[-0.03,0.03]
[-0.03,0.03]
[-0.03,0.03]
[-0.03,0.03]
[-0.03,0.03]
[-0.03,0.03]
[-0.03,0.03]
[-0.03,0.03]
[-0.03,0.03]
[-0.03,0.03]
[-0.03,0.03]
[-0.03,0.03]
[-0.03,0.03]
[-0.03,0.03]
[-0.03,0.03]
[-0.03,0.03]
[-0.03,0.03]
[-0.03,0.03]
[-0.03,0.03]
[-0.03,0.03]
[-0.03,0.03]
[-0.03,0.03]
[-0.03,0.03]
[-0.03,0.03]
[-0.03,0.03]
[-0.03,0.03]
[-0.03,0.03]
[-0.03,0.03]
[-0.03,0.03]
[-0.03,0.03]
[-0.03,0.03]
[-0.03,0.03]
[-0.03,0.03]
[-0.03,0.03]
[-0.03,0.03]
[-0.03,0.03]
[-0.03,0.03]
[-0.03,0.03]
[-0.03,0.03]
[-0.03,0.03]
[-0.03,0.03]
[-0.03,0.03]
[-0.03,0.03]
[-0.03,0.03]
[-0.03,0.03]
[-0.03,0.03]
[-0.03,0.03]
[-0.03,0.03]
[-0.03,0.03]
[-0.03,0.03]
[-0.03,0.03]
[-0.03,0.03]
[-0.03,0.03]
[-0.03,0.03]
[-0.03,0.03]
[-0.03,0.03]
[-0.03,0.03]
[-0.03,0.03]
[-0.03,0.03]
[-0.03,0.03]
[-0.03,0.03]
[-0.03,0.03]
[-0.03,0.03]
[-0.03,0.03]
[-0.03,0.03]
[-0.03,0.03]
[-0.03,0.03]
[-0.03,0.03]
[-0.03,0.03]
[-0.03,0.03]
[-0.03,0.03]
[-0.03,0.03]
[-0.03,0.03]
[-0.03,0.03]
[-0.03,0.03]
[-0.03,0.03]
[-0.03,0.03]
[-0.03,0.03]
[-0.03,0.03]
[-0.03,0.03]
[-0.03,0.03]
[-0.03,0.03]
[-0.03,0.03]
[-0.03,0.03]
[-0.03,0.03]
[-0.03,0.03]
[-0.03,0.03]
[-0.03,0.03]
[-0.03,0.03]
[-0.03,0.03]
[-0.03,0.03]
[-0.03,0.03]
[-0.03,0.03]
[-0.03,0.03]
[-0.03,0.03]
[-0.03,0.03]
[-0.03,0.03]
[-0.03,0.03]
[-0.03,0.03]
[-0.03,0.03]
[-0.03,0.03]
[-0.03,0.03]
[-0.03,0.03]
[-0.03,0.03]
[-0.03,0.03]
[-0.03,0.03]
[0.3582352941176471,0.41823529411764704]
[0.966078431372549,1.026078431372549]
[0.966078431372549,1.026078431372549]
[0.966078431372549,1.026078431372549]
[0.966078431372549,1.026078431372549]
[0.8209803921568627,0.8809803921568627]
[0.4327450980392157,0.49274509803921573]
[0.1307843137254902,0.1907843137254902]
[-0.03,0.03]
[-0.03,0.03]
[-0.03,0.03]
[-0.03,0.03]
[-0.03,0.03]
[-0.03,0.03]
[-0.03,0.03]
[-0.03,0.03]
[-0.03,0.03]
[-0.03,0.03]
[-0.03,0.03]
[-0.03,0.03]
[-0.03,0.03]
[-0.03,0.03]
[-0.03,0.03]
[-0.03,0.03]
[-0.03,0.03]
[-0.03,0.03]
[-0.03,0.03]
[0.6680392156862744,0.7280392156862745]
[0.9386274509803921,0.9986274509803922]
[0.962156862745098,1.022156862745098]
[0.962156862745098,1.022156862745098]
[0.962156862745098,1.022156862745098]
[0.962156862745098,1.022156862745098]
[0.962156862745098,1.022156862745098]
[0.962156862745098,1.022156862745098]
[0.5190196078431373,0.5790196078431373]
[-0.03,0.03]
[-0.03,0.03]
[-0.03,0.03]
[-0.03,0.03]
[-0.03,0.03]
[-0.03,0.03]
[-0.03,0.03]
[-0.03,0.03]
[-0.03,0.03]
[-0.03,0.03]
[-0.03,0.03]
[-0.03,0.03]
[-0.03,0.03]
[-0.03,0.03]
[-0.03,0.03]
[-0.03,0.03]
[-0.03,0.03]
[-0.03,0.03]
[0.22098039215686274,0.28098039215686277]
[0.9268627450980392,0.9868627450980393]
[0.962156862745098,1.022156862745098]
[0.7856862745098039,0.8456862745098039]
[0.6641176470588235,0.7241176470588235]
[0.6641176470588235,0.7241176470588235]
[0.18568627450980393,0.24568627450980393]
[0.3582352941176471,0.41823529411764704]
[0.962156862745098,1.022156862745098]
[0.9464705882352941,1.006470588235294]
[0.3307843137254902,0.39078431372549016]
[-0.03,0.03]
[-0.03,0.03]
[-0.03,0.03]
[-0.03,0.03]
[-0.03,0.03]
[-0.03,0.03]
[-0.03,0.03]
[-0.03,0.03]
[-0.03,0.03]
[-0.03,0.03]
[-0.03,0.03]
[-0.03,0.03]
[-0.03,0.03]
[-0.03,0.03]
[-0.03,0.03]
[-0.03,0.03]
[-0.03,0.03]
[0.04450980392156863,0.10450980392156863]
[0.6170588235294118,0.6770588235294118]
[0.6719607843137254,0.7319607843137255]
[0.06803921568627451,0.12803921568627452]
[-0.03,0.03]
[-0.03,0.03]
[-0.03,0.03]
[0.24058823529411763,0.3005882352941176]
[0.962156862745098,1.022156862745098]
[0.962156862745098,1.022156862745098]
[0.39745098039215687,0.4574509803921568]
[-0.03,0.03]
[-0.03,0.03]
[-0.03,0.03]
[-0.03,0.03]
[-0.03,0.03]
[-0.03,0.03]
[-0.03,0.03]
[-0.03,0.03]
[-0.03,0.03]
[-0.03,0.03]
[-0.03,0.03]
[-0.03,0.03]
[-0.03,0.03]
[-0.03,0.03]
[-0.03,0.03]
[-0.03,0.03]
[-0.03,0.03]
[-0.03,0.03]
[-0.03,0.03]
[-0.03,0.03]
[-0.03,0.03]
[-0.03,0.03]
[-0.03,0.03]
[-0.03,0.03]
[0.24058823529411763,0.3005882352941176]
[0.962156862745098,1.022156862745098]
[0.9464705882352941,1.006470588235294]
[0.3425490196078431,0.4025490196078432]
[-0.03,0.03]
[-0.03,0.03]
[-0.03,0.03]
[-0.03,0.03]
[-0.03,0.03]
[-0.03,0.03]
[-0.03,0.03]
[-0.03,0.03]
[-0.03,0.03]
[-0.03,0.03]
[-0.03,0.03]
[-0.03,0.03]
[-0.03,0.03]
[-0.03,0.03]
[-0.03,0.03]
[-0.03,0.03]
[-0.03,0.03]
[-0.03,0.03]
[-0.03,0.03]
[-0.03,0.03]
[-0.03,0.03]
[-0.03,0.03]
[-0.03,0.03]
[0.020980392156862746,0.08098039215686274]
[0.57,0.63]
[0.962156862745098,1.022156862745098]
[0.5307843137254902,0.5907843137254902]
[-0.03,0.03]
[-0.03,0.03]
[-0.03,0.03]
[-0.03,0.03]
[-0.03,0.03]
[-0.03,0.03]
[-0.03,0.03]
[-0.03,0.03]
[-0.03,0.03]
[-0.03,0.03]
[-0.03,0.03]
[-0.03,0.03]
[-0.03,0.03]
[-0.03,0.03]
[-0.03,0.03]
[-0.03,0.03]
[-0.03,0.03]
[-0.03,0.03]
[-0.03,0.03]
[-0.03,0.03]
[-0.03,0.03]
[-0.03,0.03]
[-0.03,0.03]
[0.1935294117647059,0.2535294117647059]
[0.9111764705882353,0.9711764705882353]
[0.962156862745098,1.022156862745098]
[0.962156862745098,1.022156862745098]
[0.3190196078431372,0.37901960784313726]
[-0.03,0.03]
[-0.03,0.03]
[-0.03,0.03]
[-0.03,0.03]
[-0.03,0.03]
[-0.03,0.03]
[-0.03,0.03]
[-0.03,0.03]
[-0.03,0.03]
[-0.03,0.03]
[-0.03,0.03]
[-0.03,0.03]
[-0.03,0.03]
[-0.03,0.03]
[-0.03,0.03]
[-0.03,0.03]
[-0.03,0.03]
[-0.03,0.03]
[-0.03,0.03]
[-0.03,0.03]
[-0.03,0.03]
[-0.006470588235294117,0.05352941176470588]
[0.4052941176470588,0.46529411764705886]
[0.9386274509803921,0.9986274509803922]
[0.962156862745098,1.022156862745098]
[0.962156862745098,1.022156862745098]
[0.8601960784313725,0.9201960784313725]
[0.1307843137254902,0.1907843137254902]
[-0.03,0.03]
[-0.03,0.03]
[-0.03,0.03]
[-0.03,0.03]
[-0.03,0.03]
[-0.03,0.03]
[-0.03,0.03]
[-0.03,0.03]
[-0.03,0.03]
[-0.03,0.03]
[-0.03,0.03]
[-0.03,0.03]
[-0.03,0.03]
[-0.03,0.03]
[-0.03,0.03]
[-0.03,0.03]
[-0.03,0.03]
[-0.03,0.03]
[-0.03,0.03]
[-0.03,0.03]
[0.09156862745098039,0.15156862745098038]
[0.8641176470588235,0.9241176470588236]
[0.962156862745098,1.022156862745098]
[0.962156862745098,1.022156862745098]
[0.962156862745098,1.022156862745098]
[0.962156862745098,1.022156862745098]
[0.962156862745098,1.022156862745098]
[0.8366666666666667,0.8966666666666667]
[0.31509803921568624,0.3750980392156863]
[-0.03,0.03]
[-0.03,0.03]
[-0.03,0.03]
[-0.03,0.03]
[-0.03,0.03]
[-0.03,0.03]
[-0.03,0.03]
[-0.03,0.03]
[-0.03,0.03]
[-0.03,0.03]
[-0.03,0.03]
[-0.03,0.03]
[-0.03,0.03]
[-0.03,0.03]
[-0.03,0.03]
[-0.03,0.03]
[-0.03,0.03]
[-0.03,0.03]
[-0.03,0.03]
[0.10725490196078433,0.16725490196078432]
[0.962156862745098,1.022156862745098]
[0.962156862745098,1.022156862745098]
[0.962156862745098,1.022156862745098]
[0.962156862745098,1.022156862745098]
[0.962156862745098,1.022156862745098]
[0.962156862745098,1.022156862745098]
[0.962156862745098,1.022156862745098]
[0.9582352941176471,1.0182352941176471]
[0.777843137254902,0.837843137254902]
[0.15823529411764706,0.21823529411764706]
[-0.03,0.03]
[-0.03,0.03]
[-0.03,0.03]
[-0.03,0.03]
[-0.03,0.03]
[-0.03,0.03]
[-0.03,0.03]
[-0.03,0.03]
[-0.03,0.03]
[-0.03,0.03]
[-0.03,0.03]
[-0.03,0.03]
[-0.03,0.03]
[-0.03,0.03]
[-0.03,0.03]
[-0.03,0.03]
[-0.03,0.03]
[0.07980392156862745,0.13980392156862745]
[0.773921568627451,0.833921568627451]
[0.773921568627451,0.833921568627451]
[0.773921568627451,0.833921568627451]
[0.29156862745098044,0.3515686274509804]
[0.23666666666666666,0.29666666666666663]
[0.23666666666666666,0.29666666666666663]
[0.7072549019607843,0.7672549019607844]
[0.962156862745098,1.022156862745098]
[0.962156862745098,1.022156862745098]
[0.8562745098039215,0.9162745098039216]
[0.17,0.23]
[-0.03,0.03]
[-0.03,0.03]
[-0.03,0.03]
[-0.03,0.03]
[-0.03,0.03]
[-0.03,0.03]
[-0.03,0.03]
[-0.03,0.03]
[-0.03,0.03]
[-0.03,0.03]
[-0.03,0.03]
[-0.03,0.03]
[-0.03,0.03]
[-0.03,0.03]
[-0.03,0.03]
[-0.03,0.03]
[-0.03,0.03]
[-0.03,0.03]
[-0.03,0.03]
[-0.03,0.03]
[-0.03,0.03]
[-0.03,0.03]
[-0.03,0.03]
[0.19745098039215686,0.25745098039215686]
[0.6249019607843137,0.6849019607843138]
[0.962156862745098,1.022156862745098]
[0.962156862745098,1.022156862745098]
[0.8484313725490196,0.9084313725490196]
[0.1111764705882353,0.1711764705882353]
[-0.03,0.03]
[-0.03,0.03]
[-0.03,0.03]
[-0.03,0.03]
[-0.03,0.03]
[-0.03,0.03]
[-0.03,0.03]
[-0.03,0.03]
[-0.03,0.03]
[-0.03,0.03]
[-0.03,0.03]
[-0.03,0.03]
[-0.03,0.03]
[-0.03,0.03]
[-0.03,0.03]
[-0.03,0.03]
[-0.03,0.03]
[-0.03,0.03]
[-0.03,0.03]
[-0.03,0.03]
[-0.03,0.03]
[-0.03,0.03]
[-0.03,0.03]
[-0.018235294117647058,0.04176470588235294]
[0.6601960784313725,0.7201960784313726]
[0.962156862745098,1.022156862745098]
[0.962156862745098,1.022156862745098]
[0.19745098039215686,0.25745098039215686]
[-0.03,0.03]
[-0.03,0.03]
[-0.03,0.03]
[-0.03,0.03]
[-0.03,0.03]
[-0.03,0.03]
[-0.03,0.03]
[-0.03,0.03]
[-0.03,0.03]
[-0.03,0.03]
[-0.03,0.03]
[-0.03,0.03]
[-0.03,0.03]
[-0.03,0.03]
[-0.03,0.03]
[-0.03,0.03]
[-0.03,0.03]
[-0.03,0.03]
[-0.03,0.03]
[-0.03,0.03]
[-0.03,0.03]
[-0.03,0.03]
[-0.03,0.03]
[-0.03,0.03]
[-0.03,0.03]
[0.6484313725490196,0.7084313725490197]
[0.962156862745098,1.022156862745098]
[0.8366666666666667,0.8966666666666667]
[0.11509803921568629,0.17509803921568629]
[-0.03,0.03]
[-0.03,0.03]
[-0.03,0.03]
[-0.03,0.03]
[-0.03,0.03]
[-0.03,0.03]
[-0.03,0.03]
[-0.03,0.03]
[-0.03,0.03]
[-0.03,0.03]
[-0.03,0.03]
[-0.03,0.03]
[-0.03,0.03]
[-0.03,0.03]
[-0.03,0.03]
[-0.03,0.03]
[-0.03,0.03]
[-0.03,0.03]
[-0.03,0.03]
[-0.03,0.03]
[-0.03,0.03]
[-0.03,0.03]
[-0.03,0.03]
[-0.03,0.03]
[0.37784313725490193,0.437843137254902]
[0.962156862745098,1.022156862745098]
[0.962156862745098,1.022156862745098]
[0.26411764705882357,0.3241176470588235]
[-0.03,0.03]
[-0.03,0.03]
[-0.03,0.03]
[-0.03,0.03]
[-0.03,0.03]
[-0.03,0.03]
[-0.03,0.03]
[-0.03,0.03]
[-0.03,0.03]
[-0.03,0.03]
[-0.03,0.03]
[-0.03,0.03]
[-0.03,0.03]
[-0.03,0.03]
[-0.03,0.03]
[-0.03,0.03]
[-0.03,0.03]
[-0.03,0.03]
[-0.03,0.03]
[-0.03,0.03]
[-0.03,0.03]
[-0.03,0.03]
[-0.03,0.03]
[0.1307843137254902,0.1907843137254902]
[0.8601960784313725,0.9201960784313725]
[0.962156862745098,1.022156862745098]
[0.962156862745098,1.022156862745098]
[0.26411764705882357,0.3241176470588235]
[-0.03,0.03]
[-0.03,0.03]
[-0.03,0.03]
[-0.03,0.03]
[-0.03,0.03]
[-0.03,0.03]
[-0.03,0.03]
[-0.03,0.03]
[-0.03,0.03]
[-0.03,0.03]
[-0.03,0.03]
[-0.03,0.03]
[-0.03,0.03]
[-0.03,0.03]
[-0.03,0.03]
[-0.03,0.03]
[-0.03,0.03]
[-0.03,0.03]
[-0.03,0.03]
[-0.03,0.03]
[0.017058823529411765,0.07705882352941176]
[0.21705882352941178,0.2770588235294118]
[0.5190196078431373,0.5790196078431373]
[0.8562745098039215,0.9162745098039216]
[0.962156862745098,1.022156862745098]
[0.962156862745098,1.022156862745098]
[0.9033333333333333,0.9633333333333334]
[0.1935294117647059,0.2535294117647059]
[-0.03,0.03]
[-0.03,0.03]
[-0.03,0.03]
[-0.03,0.03]
[-0.03,0.03]
[-0.03,0.03]
[-0.03,0.03]
[-0.03,0.03]
[-0.03,0.03]
[-0.03,0.03]
[-0.03,0.03]
[-0.03,0.03]
[-0.03,0.03]
[-0.03,0.03]
[-0.03,0.03]
[-0.03,0.03]
[-0.03,0.03]
[0.1307843137254902,0.1907843137254902]
[0.13470588235294118,0.19470588235294117]
[0.57,0.63]
[0.7268627450980392,0.7868627450980392]
[0.962156862745098,1.022156862745098]
[0.962156862745098,1.022156862745098]
[0.962156862745098,1.022156862745098]
[0.962156862745098,1.022156862745098]
[0.8209803921568627,0.8809803921568627]
[0.3072549019607843,0.36725490196078436]
[-0.03,0.03]
[-0.03,0.03]
[-0.03,0.03]
[-0.03,0.03]
[-0.03,0.03]
[-0.03,0.03]
[-0.03,0.03]
[-0.03,0.03]
[-0.03,0.03]
[-0.03,0.03]
[-0.03,0.03]
[-0.03,0.03]
[-0.03,0.03]
[-0.03,0.03]
[-0.03,0.03]
[-0.018235294117647058,0.04176470588235294]
[0.08372549019607843,0.14372549019607844]
[0.5896078431372549,0.649607843137255]
[0.954313725490196,1.014313725490196]
[0.962156862745098,1.022156862745098]
[0.962156862745098,1.022156862745098]
[0.962156862745098,1.022156862745098]
[0.962156862745098,1.022156862745098]
[0.962156862745098,1.022156862745098]
[0.8798039215686274,0.9398039215686275]
[0.37,0.43000000000000005]
[0.020980392156862746,0.08098039215686274]
[-0.03,0.03]
[-0.03,0.03]
[-0.03,0.03]
[-0.03,0.03]
[-0.03,0.03]
[-0.03,0.03]
[-0.03,0.03]
[-0.03,0.03]
[-0.03,0.03]
[-0.03,0.03]
[-0.03,0.03]
[-0.03,0.03]
[-0.03,0.03]
[-0.03,0.03]
[-0.03,0.03]
[-0.03,0.03]
[0.032745098039215687,0.09274509803921568]
[0.42490196078431375,0.4849019607843137]
[0.6994117647058823,0.7594117647058823]
[0.962156862745098,1.022156862745098]
[0.962156862745098,1.022156862745098]
[0.962156862745098,1.022156862745098]
[0.8601960784313725,0.9201960784313725]
[0.42490196078431375,0.4849019607843137]
[0.41313725490196074,0.4731372549019608]
[-0.03,0.03]
[-0.03,0.03]
[-0.03,0.03]
[-0.03,0.03]
[-0.03,0.03]
[-0.03,0.03]
[-0.03,0.03]
[-0.03,0.03]
[-0.03,0.03]
[-0.03,0.03]
[-0.03,0.03]
[-0.03,0.03]
[-0.03,0.03]
[-0.03,0.03]
[-0.03,0.03]
[-0.03,0.03]
[-0.03,0.03]
[-0.03,0.03]
[-0.03,0.03]
[-0.03,0.03]
[-0.03,0.03]
[-0.03,0.03]
[-0.03,0.03]
[-0.03,0.03]
[-0.03,0.03]
[-0.03,0.03]
[-0.03,0.03]
[-0.03,0.03]
[-0.03,0.03]
[-0.03,0.03]
[-0.03,0.03]
[-0.03,0.03]
[-0.03,0.03]
[-0.03,0.03]
[-0.03,0.03]
[-0.03,0.03]
[-0.03,0.03]
[-0.03,0.03]
[-0.03,0.03]
[-0.03,0.03]
[-0.03,0.03]
[-0.03,0.03]
[-0.03,0.03]
[-0.03,0.03]
[-0.03,0.03]
[-0.03,0.03]
[-0.03,0.03]
[-0.03,0.03]
[-0.03,0.03]
[-0.03,0.03]
[-0.03,0.03]
[-0.03,0.03]
[-0.03,0.03]
[-0.03,0.03]
[-0.03,0.03]
[-0.03,0.03]
[-0.03,0.03]
[-0.03,0.03]
[-0.03,0.03]
[-0.03,0.03]
[-0.03,0.03]
[-0.03,0.03]
[-0.03,0.03]
[-0.03,0.03]
[-0.03,0.03]
[-0.03,0.03]
[-0.03,0.03]
[-0.03,0.03]
[-0.03,0.03]
[-0.03,0.03]
[-0.03,0.03]
[-0.03,0.03]
[-0.03,0.03]
[-0.03,0.03]
[-0.03,0.03]
[-0.03,0.03]
[-0.03,0.03]
[-0.03,0.03]
[-0.03,0.03]
[-0.03,0.03]
[-0.03,0.03]
[-0.03,0.03]
[-0.03,0.03]
[-0.03,0.03]
[-0.03,0.03]
[-0.03,0.03]
[-0.03,0.03]
[-0.03,0.03]
[-0.03,0.03]
[-0.03,0.03]
[-0.03,0.03]
[-0.03,0.03]
[-0.03,0.03]
[-0.03,0.03]
[-0.03,0.03]
