[0.0,0.0]
[0.0,0.0]
[0.0,0.0]
[0.0,0.0]
[0.0,0.0]
[0.0,0.0]
[0.0,0.0]
[0.0,0.0]
[0.0,0.0]
[0.0,0.0]
[0.0,0.0]
[0.0,0.0]
[0.0,0.0]
[0.0,0.0]
[0.0,0.0]
[0.0,0.0]
[0.0,0.0]
[0.0,0.0]
[0.0,0.0]
[0.0,0.0]
[0.0,0.0]
[0.0,0.0]
[0.0,0.0]
[0.0,0.0]
[0.0,0.0]
[0.0,0.0]
[0.0,0.0]
[0.0,0.0]
[0.0,0.0]
[0.0,0.0]
[0.0,0.0]
[0.0,0.0]
[0.0,0.0]
[0.0,0.0]
[0.0,0.0]
[0.0,0.0]
[0.0,0.0]
[0.0,0.0]
[0.0,0.0]
[0.0,0.0]
[0.0,0.0]
[0.0,0.0]
[0.0,0.0]
[0.0,0.0]
[0.0,0.0]
[0.0,0.0]
[0.0,0.0]
[0.0,0.0]
[0.0,0.0]
[0.0,0.0]
[0.0,0.0]
[0.0,0.0]
[0.0,0.0]
[0.0,0.0]
[0.0,0.0]
[0.0,0.0]
[0.0,0.0]
[0.0,0.0]
[0.0,0.0]
[0.0,0.0]
[0.0,0.0]
[0.0,0.0]
[0.0,0.0]
[0.0,0.0]
[0.0,0.0]
[0.0,0.0]
[0.0,0.0]
[0.0,0.0]
[0.0,0.0]
[0.0,0.0]
[0.0,0.0]
[0.0,0.0]
[0.0,0.0]
[0.0,0.0]
[0.0,0.0]
[0.0,0.0]
[0.0,0.0]
[0.0,0.0]
[0.0,0.0]
[0.0,0.0]
[0.0,0.0]
[0.0,0.0]
[0.0,0.0]
[0.0,0.0]
[0.0,0.0]
[0.0,0.0]
[0.0,0.0]
[0.0,0.0]
[0.0,0.0]
[0.0,0.0]
[0.0,0.0]
[0.0,0.0]
[0.0,0.0]
[0.0,0.0]
[0.0,0.0]
[0.0,0.0]
[0.0,0.0]
[0.0,0.0]
[0.0,0.0]
[0.0,0.0]
[0.0,0.0]
[0.0,0.0]
[0.0,0.0]
[0.0,0.0]
[0.0,0.0]
[0.0,0.0]
[0.0,0.0]
[0.0,0.0]
[0.0,0.0]
[0.0,0.0]
[0.0,0.0]
[0.0,0.0]
[0.0,0.0]
[0.0,0.0]
[0.0,0.0]
[0.0,0.0]
[0.0,0.0]
[0.0,0.0]
[0.0,0.0]
[0.0,0.0]
[0.0,0.0]
[0.0,0.0]
[0.0,0.0]
[0.0,0.0]
[0.0,0.0]
[0.0,0.0]
[0.25882352941176473,0.25882352941176473]
[0.8705882352941177,0.8705882352941177]
[0.11372549019607843,0.11372549019607843]
[0.0,0.0]
[0.0,0.0]
[0.0,0.0]
[0.0,0.0]
[0.0,0.0]
[0.0,0.0]
[0.0,0.0]
[0.0,0.0]
[0.0,0.0]
[0.0,0.0]
[0.0,0.0]
[0.0,0.0]
[0.0,0.0]
[0.0,0.0]
[0.0,0.0]
[0.0,0.0]
[0.0,0.0]
[0.0,0.0]
[0.0,0.0]
[0.0,0.0]
[0.0,0.0]
[0.0,0.0]
[0.0,0.0]
[0.0,0.0]
[0.12156862745098039,0.12156862745098039]
[0.8745098039215686,0.8745098039215686]
[0.996078431372549,0.996078431372549]
[0.4980392156862745,0.4980392156862745]
[0.03529411764705882,0.03529411764705882]
[0.0,0.0]
[0.0,0.0]
[0.0,0.0]
[0.0,0.0]
[0.0,0.0]
[0.0,0.0]
[0.0,0.0]
[0.0,0.0]
[0.0,0.0]
[0.0,0.0]
[0.0,0.0]
[0.0,0.0]
[0.0,0.0]
[0.0,0.0]
[0.0,0.0]
[0.0,0.0]
[0.0,0.0]
[0.0,0.0]
[0.0,0.0]
[0.0,0.0]
[0.0,0.0]
[0.0,0.0]
[0.0,0.0]
[0.25882352941176473,0.25882352941176473]
[0.996078431372549,0.996078431372549]
[0.996078431372549,0.996078431372549]
[0.996078431372549,0.996078431372549]
[0.6784313725490196,0.6784313725490196]
[0.0,0.0]
[0.0,0.0]
[0.0,0.0]
[0.0,0.0]
[0.0,0.0]
[0.0,0.0]
[0.0,0.0]
[0.0,0.0]
[0.0,0.0]
[0.0,0.0]
[0.0,0.0]
[0.0,0.0]
[0.0,0.0]
[0.0,0.0]
[0.0,0.0]
[0.0,0.0]
[0.0,0.0]
[0.0,0.0]
[0.0,0.0]
[0.0,0.0]
[0.0,0.0]
[0.0,0.0]
[0.0,0.0]
[0.7098039215686275,0.7098039215686275]
[0.996078431372549,0.996078431372549]
[0.996078431372549,0.996078431372549]
[0.996078431372549,0.996078431372549]
[0.6784313725490196,0.6784313725490196]
[0.0,0.0]
[0.0,0.0]
[0.0,0.0]
[0.0,0.0]
[0.0,0.0]
[0.0,0.0]
[0.0,0.0]
[0.0,0.0]
[0.0,0.0]
[0.0,0.0]
[0.0,0.0]
[0.0,0.0]
[0.0,0.0]
[0.0,0.0]
[0.0,0.0]
[0.0,0.0]
[0.0,0.0]
[0.0,0.0]
[0.0,0.0]
[0.0,0.0]
[0.0,0.0]
[0.0,0.0]
[0.0,0.0]
[0.7098039215686275,0.7098039215686275]
[0.996078431372549,0.996078431372549]
[0.996078431372549,0.996078431372549]
[0.996078431372549,0.996078431372549]
[0.6196078431372549,0.6196078431372549]
[0.0,0.0]
[0.0,0.0]
[0.0,0.0]
[0.0,0.0]
[0.0,0.0]
[0.0,0.0]
[0.0,0.0]
[0.0,0.0]
[0.0,0.0]
[0.0,0.0]
[0.0,0.0]
[0.0,0.0]
[0.0,0.0]
[0.0,0.0]
[0.0,0.0]
[0.0,0.0]
[0.0,0.0]
[0.0,0.0]
[0.0,0.0]
[0.0,0.0]
[0.0,0.0]
[0.0,0.0]
[0.0,0.0]
[0.7098039215686275,0.7098039215686275]
[0.996078431372549,0.996078431372549]
[0.996078431372549,0.996078431372549]
[0.9529411764705882,0.9529411764705882]
[0.16470588235294117,0.16470588235294117]
[0.0,0.0]
[0.0,0.0]
[0.0,0.0]
[0.0,0.0]
[0.0,0.0]
[0.0,0.0]
[0.0,0.0]
[0.0,0.0]
[0.0,0.0]
[0.0,0.0]
[0.0,0.0]
[0.0,0.0]
[0.0,0.0]
[0.0,0.0]
[0.0,0.0]
[0.0,0.0]
[0.0,0.0]
[0.0,0.0]
[0.0,0.0]
[0.0,0.0]
[0.0,0.0]
[0.0,0.0]
[0.13333333333333333,0.13333333333333333]
[0.9019607843137255,0.9019607843137255]
[0.996078431372549,0.996078431372549]
[0.996078431372549,0.996078431372549]
[0.7019607843137254,0.7019607843137254]
[0.0,0.0]
[0.0,0.0]
[0.0,0.0]
[0.0,0.0]
[0.0,0.0]
[0.0,0.0]
[0.0,0.0]
[0.0,0.0]
[0.0,0.0]
[0.0,0.0]
[0.0,0.0]
[0.0,0.0]
[0.0,0.0]
[0.0,0.0]
[0.0,0.0]
[0.0,0.0]
[0.0,0.0]
[0.0,0.0]
[0.0,0.0]
[0.0,0.0]
[0.0,0.0]
[0.0,0.0]
[0.0,0.0]
[0.5294117647058824,0.5294117647058824]
[0.996078431372549,0.996078431372549]
[0.996078431372549,0.996078431372549]
[0.996078431372549,0.996078431372549]
[0.6078431372549019,0.6078431372549019]
[0.0,0.0]
[0.0,0.0]
[0.0,0.0]
[0.0,0.0]
[0.0,0.0]
[0.0,0.0]
[0.0,0.0]
[0.0,0.0]
[0.0,0.0]
[0.0,0.0]
[0.0,0.0]
[0.0,0.0]
[0.0,0.0]
[0.0,0.0]
[0.0,0.0]
[0.0,0.0]
[0.0,0.0]
[0.0,0.0]
[0.0,0.0]
[0.0,0.0]
[0.0,0.0]
[0.0,0.0]
[0.0392156862745098,0.0392156862745098]
[0.7529411764705882,0.7529411764705882]
[0.996078431372549,0.996078431372549]
[0.996078431372549,0.996078431372549]
[0.996078431372549,0.996078431372549]
[0.21568627450980393,0.21568627450980393]
[0.0,0.0]
[0.0,0.0]
[0.0,0.0]
[0.0,0.0]
[0.0,0.0]
[0.0,0.0]
[0.0,0.0]
[0.0,0.0]
[0.0,0.0]
[0.0,0.0]
[0.0,0.0]
[0.0,0.0]
[0.0,0.0]
[0.0,0.0]
[0.0,0.0]
[0.0,0.0]
[0.0,0.0]
[0.0,0.0]
[0.0,0.0]
[0.0,0.0]
[0.0,0.0]
[0.0,0.0]
[0.17254901960784313,0.17254901960784313]
[0.996078431372549,0.996078431372549]
[0.996078431372549,0.996078431372549]
[0.996078431372549,0.996078431372549]
[0.996078431372549,0.996078431372549]
[0.21568627450980393,0.21568627450980393]
[0.0,0.0]
[0.0,0.0]
[0.0,0.0]
[0.0,0.0]
[0.0,0.0]
[0.0,0.0]
[0.0,0.0]
[0.0,0.0]
[0.0,0.0]
[0.0,0.0]
[0.0,0.0]
[0.0,0.0]
[0.0,0.0]
[0.0,0.0]
[0.0,0.0]
[0.0,0.0]
[0.0,0.0]
[0.0,0.0]
[0.0,0.0]
[0.0,0.0]
[0.0,0.0]
[0.0,0.0]
[0.17254901960784313,0.17254901960784313]
[0.996078431372549,0.996078431372549]
[0.996078431372549,0.996078431372549]
[0.996078431372549,0.996078431372549]
[0.9254901960784314,0.9254901960784314]
[0.1607843137254902,0.1607843137254902]
[0.0,0.0]
[0.0,0.0]
[0.0,0.0]
[0.0,0.0]
[0.0,0.0]
[0.0,0.0]
[0.0,0.0]
[0.0,0.0]
[0.0,0.0]
[0.0,0.0]
[0.0,0.0]
[0.0,0.0]
[0.0,0.0]
[0.0,0.0]
[0.0,0.0]
[0.0,0.0]
[0.0,0.0]
[0.0,0.0]
[0.0,0.0]
[0.0,0.0]
[0.0,0.0]
[0.0,0.0]
[0.17254901960784313,0.17254901960784313]
[0.996078431372549,0.996078431372549]
[0.996078431372549,0.996078431372549]
[0.996078431372549,0.996078431372549]
[0.7294117647058823,0.7294117647058823]
[0.0,0.0]
[0.0,0.0]
[0.0,0.0]
[0.0,0.0]
[0.0,0.0]
[0.0,0.0]
[0.0,0.0]
[0.0,0.0]
[0.0,0.0]
[0.0,0.0]
[0.0,0.0]
[0.0,0.0]
[0.0,0.0]
[0.0,0.0]
[0.0,0.0]
[0.0,0.0]
[0.0,0.0]
[0.0,0.0]
[0.0,0.0]
[0.0,0.0]
[0.0,0.0]
[0.0,0.0]
[0.0,0.0]
[0.17254901960784313,0.17254901960784313]
[0.996078431372549,0.996078431372549]
[0.996078431372549,0.996078431372549]
[0.996078431372549,0.996078431372549]
[0.33725490196078434,0.33725490196078434]
[0.0,0.0]
[0.0,0.0]
[0.0,0.0]
[0.0,0.0]
[0.0,0.0]
[0.0,0.0]
[0.0,0.0]
[0.0,0.0]
[0.0,0.0]
[0.0,0.0]
[0.0,0.0]
[0.0,0.0]
[0.0,0.0]
[0.0,0.0]
[0.0,0.0]
[0.0,0.0]
[0.0,0.0]
[0.0,0.0]
[0.0,0.0]
[0.0,0.0]
[0.0,0.0]
[0.0,0.0]
[0.0,0.0]
[0.17254901960784313,0.17254901960784313]
[0.996078431372549,0.996078431372549]
[0.996078431372549,0.996078431372549]
[0.792156862745098,0.792156862745098]
[0.043137254901960784,0.043137254901960784]
[0.0,0.0]
[0.0,0.0]
[0.0,0.0]
[0.0,0.0]
[0.0,0.0]
[0.0,0.0]
[0.0,0.0]
[0.0,0.0]
[0.0,0.0]
[0.0,0.0]
[0.0,0.0]
[0.0,0.0]
[0.0,0.0]
[0.0,0.0]
[0.0,0.0]
[0.0,0.0]
[0.0,0.0]
[0.0,0.0]
[0.0,0.0]
[0.0,0.0]
[0.0,0.0]
[0.0,0.0]
[0.0,0.0]
[0.09019607843137255,0.09019607843137255]
[0.8431372549019608,0.8431372549019608]
[0.996078431372549,0.996078431372549]
[0.9647058823529412,0.9647058823529412]
[0.38823529411764707,0.38823529411764707]
[0.0,0.0]
[0.0,0.0]
[0.0,0.0]
[0.0,0.0]
[0.0,0.0]
[0.0,0.0]
[0.0,0.0]
[0.0,0.0]
[0.0,0.0]
[0.0,0.0]
[0.0,0.0]
[0.0,0.0]
[0.0,0.0]
[0.0,0.0]
[0.0,0.0]
[0.0,0.0]
[0.0,0.0]
[0.0,0.0]
[0.0,0.0]
[0.0,0.0]
[0.0,0.0]
[0.0,0.0]
[0.0,0.0]
[0.10588235294117647,0.10588235294117647]
[0.8745098039215686,0.8745098039215686]
[0.996078431372549,0.996078431372549]
[0.996078431372549,0.996078431372549]
[0.7294117647058823,0.7294117647058823]
[0.0,0.0]
[0.0,0.0]
[0.0,0.0]
[0.0,0.0]
[0.0,0.0]
[0.0,0.0]
[0.0,0.0]
[0.0,0.0]
[0.0,0.0]
[0.0,0.0]
[0.0,0.0]
[0.0,0.0]
[0.0,0.0]
[0.0,0.0]
[0.0,0.0]
[0.0,0.0]
[0.0,0.0]
[0.0,0.0]
[0.0,0.0]
[0.0,0.0]
[0.0,0.0]
[0.0,0.0]
[0.0,0.0]
[0.07450980392156863,0.07450980392156863]
[0.8156862745098039,0.8156862745098039]
[0.996078431372549,0.996078431372549]
[0.996078431372549,0.996078431372549]
[0.7294117647058823,0.7294117647058823]
[0.0,0.0]
[0.0,0.0]
[0.0,0.0]
[0.0,0.0]
[0.0,0.0]
[0.0,0.0]
[0.0,0.0]
[0.0,0.0]
[0.0,0.0]
[0.0,0.0]
[0.0,0.0]
[0.0,0.0]
[0.0,0.0]
[0.0,0.0]
[0.0,0.0]
[0.0,0.0]
[0.0,0.0]
[0.0,0.0]
[0.0,0.0]
[0.0,0.0]
[0.0,0.0]
[0.0,0.0]
[0.0,0.0]
[0.09019607843137255,0.09019607843137255]
[0.8431372549019608,0.8431372549019608]
[0.996078431372549,0.996078431372549]
[0.996078431372549,0.996078431372549]
[0.7294117647058823,0.7294117647058823]
[0.0,0.0]
[0.0,0.0]
[0.0,0.0]
[0.0,0.0]
[0.0,0.0]
[0.0,0.0]
[0.0,0.0]
[0.0,0.0]
[0.0,0.0]
[0.0,0.0]
[0.0,0.0]
[0.0,0.0]
[0.0,0.0]
[0.0,0.0]
[0.0,0.0]
[0.0,0.0]
[0.0,0.0]
[0.0,0.0]
[0.0,0.0]
[0.0,0.0]
[0.0,0.0]
[0.0,0.0]
[0.0,0.0]
[0.09411764705882353,0.09411764705882353]
[0.8509803921568627,0.8509803921568627]
[0.996078431372549,0.996078431372549]
[0.996078431372549,0.996078431372549]
[0.7294117647058823,0.7294117647058823]
[0.0,0.0]
[0.0,0.0]
[0.0,0.0]
[0.0,0.0]
[0.0,0.0]
[0.0,0.0]
[0.0,0.0]
[0.0,0.0]
[0.0,0.0]
[0.0,0.0]
[0.0,0.0]
[0.0,0.0]
[0.0,0.0]
[0.0,0.0]
[0.0,0.0]
[0.0,0.0]
[0.0,0.0]
[0.0,0.0]
[0.0,0.0]
[0.0,0.0]
[0.0,0.0]
[0.0,0.0]
[0.0,0.0]
[0.0,0.0]
[0.4470588235294118,0.4470588235294118]
[1.0,1.0]
[1.0,1.0]
[0.49019607843137253,0.49019607843137253]
[0.0,0.0]
[0.0,0.0]
[0.0,0.0]
[0.0,0.0]
[0.0,0.0]
[0.0,0.0]
[0.0,0.0]
[0.0,0.0]
[0.0,0.0]
[0.0,0.0]
[0.0,0.0]
[0.0,0.0]
[0.0,0.0]
[0.0,0.0]
[0.0,0.0]
[0.0,0.0]
[0.0,0.0]
[0.0,0.0]
[0.0,0.0]
[0.0,0.0]
[0.0,0.0]
[0.0,0.0]
[0.0,0.0]
[0.0,0.0]
[0.0,0.0]
[0.0,0.0]
[0.0,0.0]
[0.0,0.0]
[0.0,0.0]
[0.0,0.0]
[0.0,0.0]
[0.0,0.0]
[0.0,0.0]
[0.0,0.0]
[0.0,0.0]
[0.0,0.0]
[0.0,0.0]
[0.0,0.0]
[0.0,0.0]
[0.0,0.0]
[0.0,0.0]
[0.0,0.0]
[0.0,0.0]
[0.0,0.0]
[0.0,0.0]
[0.0,0.0]
[0.0,0.0]
[0.0,0.0]
[0.0,0.0]
[0.0,0.0]
[0.0,0.0]
[0.0,0.0]
[0.0,0.0]
[0.0,0.0]
[0.0,0.0]
[0.0,0.0]
[0.0,0.0]
[0.0,0.0]
[0.0,0.0]
[0.0,0.0]
[0.0,0.0]
[0.0,0.0]
[0.0,0.0]
[0.0,0.0]
[0.0,0.0]
[0.0,0.0]
[0.0,0.0]
[0.0,0.0]
[0.0,0.0]
[0.0,0.0]
[0.0,0.0]
[0.0,0.0]
[0.0,0.0]
[0.0,0.0]
[0.0,0.0]
[0.0,0.0]
[0.0,0.0]
[0.0,0.0]
[0.0,0.0]
[0.0,0.0]
[0.0,0.0]
[0.0,0.0]
[0.0,0.0]
[0.0,0.0]
[0.0,0.0]
[0.0,0.0]
[0.0,0.0]
[0.0,0.0]
[0.0,0.0]
[0.0,0.0]
[0.0,0.0]
[0.0,0.0]
[0.0,0.0]
[0.0,0.0]
[0.0,0.0]
[0.0,0.0]
[0.0,0.0]
[0.0,0.0]
[0.0,0.0]
[0.0,0.0]
[0.0,0.0]
[0.0,0.0]
[0.0,0.0]
[0.0,0.0]
[0.0,0.0]
[0.0,0.0]
[0.0,0.0]
[0.0,0.0]
[0.0,0.0]
[0.0,0.0]
[0.0,0.0]
[0.0,0.0]
[0.0,0.0]
[0.0,0.0]
[0.0,0.0]
[0.0,0.0]
[0.0,0.0]
[0.0,0.0]
[0.0,0.0]
[0.0,0.0]
[0.0,0.0]
[0.0,0.0]
[0.0,0.0]
[0.0,0.0]
[-0.03,0.03]
[-0.03,0.03]
[-0.03,0.03]
[-0.03,0.03]
[-0.03,0.03]
[-0.03,0.03]
[-0.03,0.03]
[-0.03,0.03]
[-0.03,0.03]
[-0.03,0.03]
[-0.03,0.03]
[-0.03,0.03]
[-0.03,0.03]
[-0.03,0.03]
[-0.03,0.03]
[-0.03,0.03]
[-0.03,0.03]
[-0.03,0.03]
[-0.03,0.03]
[-0.03,0.03]
[-0.03,0.03]
[-0.03,0.03]
[-0.03,0.03]
[-0.03,0.03]
[-0.03,0.03]
[-0.03,0.03]
[-0.03,0.03]
[-0.03,0.03]
[-0.03,0.03]
[-0.03,0.03]
[-0.03,0.03]
[-0.03,0.03]
[-0.03,0.03]
[-0.03,0.03]
[-0.03,0.03]
[-0.03,0.03]
[-0.03,0.03]
[-0.03,0.03]
[-0.03,0.03]
[-0.03,0.03]
[-0.03,0.03]
[-0.03,0.03]
[-0.03,0.03]
[-0.03,0.03]
[-0.03,0.03]
[-0.03,0.03]
[-0.03,0.03]
[-0.03,0.03]
[-0.03,0.03]
[-0.03,0.03]
[-0.03,0.03]
[-0.03,0.03]
[-0.03,0.03]
[-0.03,0.03]
[-0.03,0.03]
[-0.03,0.03]
[-0.03,0.03]
[-0.03,0.03]
[-0.03,0.03]
[-0.03,0.03]
[-0.03,0.03]
[-0.03,0.03]
[-0.03,0.03]
[-0.03,0.03]
[-0.03,0.03]
[-0.03,0.03]
[-0.03,0.03]
[-0.03,0.03]
[-0.03,0.03]
[-0.03,0.03]
[-0.03,0.03]
[-0.03,0.03]
[-0.03,0.03]
[-0.03,0.03]
[-0.03,0.03]
[-0.03,0.03]
[-0.03,0.03]
[-0.03,0.03]
[-0.03,0.03]
[-0.03,0.03]
[-0.03,0.03]
[-0.03,0.03]
[-0.03,0.03]
[-0.03,0.03]
[-0.03,0.03]
[-0.03,0.03]
[-0.03,0.03]
[-0.03,0.03]
[-0.03,0.03]
[-0.03,0.03]
[-0.03,0.03]
[-0.03,0.03]
[-0.03,0.03]
[-0.03,0.03]
[-0.03,0.03]
[-0.03,0.03]
[-0.03,0.03]
[-0.03,0.03]
[-0.03,0.03]
[-0.03,0.03]
[-0.03,0.03]
[-0.03,0.03]
[-0.03,0.03]
[-0.03,0.03]
[-0.03,0.03]
[-0.03,0.03]
[-0.03,0.03]
[-0.03,0.03]
[-0.03,0.03]
[-0.03,0.03]
[-0.03,0.03]
[-0.03,0.03]
[-0.03,0.03]
[-0.03,0.03]
[-0.03,0.03]
[-0.03,0.03]
[-0.03,0.03]
[-0.03,0.03]
[-0.03,0.03]
[-0.03,0.03]
[-0.03,0.03]
[-0.03,0.03]
[-0.03,0.03]
[-0.03,0.03]
[-0.03,0.03]
[-0.03,0.03]
[0.22882352941176473,0.2888235294117647]
[0.8405882352941176,0.9005882352941177]
[0.08372549019607843,0.14372549019607844]
[-0.03,0.03]
[-0.03,0.03]
[-0.03,0.03]
[-0.03,0.03]
[-0.03,0.03]
[-0.03,0.03]
[-0.03,0.03]
[-0.03,0.03]
[-0.03,0.03]
[-0.03,0.03]
[-0.03,0.03]
[-0.03,0.03]
[-0.03,0.03]
[-0.03,0.03]
[-0.03,0.03]
[-0.03,0.03]
[-0.03,0.03]
[-0.03,0.03]
[-0.03,0.03]
[-0.03,0.03]
[-0.03,0.03]
[-0.03,0.03]
[-0.03,0.03]
[-0.03,0.03]
[0.09156862745098039,0.15156862745098038]
[0.8445098039215686,0.9045098039215687]
[0.966078431372549,1.026078431372549]
[0.4680392156862745,0.5280392156862745]
[0.005294117647058824,0.06529411764705882]
[-0.03,0.03]
[-0.03,0.03]
[-0.03,0.03]
[-0.03,0.03]
[-0.03,0.03]
[-0.03,0.03]
[-0.03,0.03]
[-0.03,0.03]
[-0.03,0.03]
[-0.03,0.03]
[-0.03,0.03]
[-0.03,0.03]
[-0.03,0.03]
[-0.03,0.03]
[-0.03,0.03]
[-0.03,0.03]
[-0.03,0.03]
[-0.03,0.03]
[-0.03,0.03]
[-0.03,0.03]
[-0.03,0.03]
[-0.03,0.03]
[-0.03,0.03]
[0.22882352941176473,0.2888235294117647]
[0.966078431372549,1.026078431372549]
[0.966078431372549,1.026078431372549]
[0.966078431372549,1.026078431372549]
[0.6484313725490196,0.7084313725490197]
[-0.03,0.03]
[-0.03,0.03]
[-0.03,0.03]
[-0.03,0.03]
[-0.03,0.03]
[-0.03,0.03]
[-0.03,0.03]
[-0.03,0.03]
[-0.03,0.03]
[-0.03,0.03]
[-0.03,0.03]
[-0.03,0.03]
[-0.03,0.03]
[-0.03,0.03]
[-0.03,0.03]
[-0.03,0.03]
[-0.03,0.03]
[-0.03,0.03]
[-0.03,0.03]
[-0.03,0.03]
[-0.03,0.03]
[-0.03,0.03]
[-0.03,0.03]
[0.6798039215686275,0.7398039215686275]
[0.966078431372549,1.026078431372549]
[0.966078431372549,1.026078431372549]
[0.966078431372549,1.026078431372549]
[0.6484313725490196,0.7084313725490197]
[-0.03,0.03]
[-0.03,0.03]
[-0.03,0.03]
[-0.03,0.03]
[-0.03,0.03]
[-0.03,0.03]
[-0.03,0.03]
[-0.03,0.03]
[-0.03,0.03]
[-0.03,0.03]
[-0.03,0.03]
[-0.03,0.03]
[-0.03,0.03]
[-0.03,0.03]
[-0.03,0.03]
[-0.03,0.03]
[-0.03,0.03]
[-0.03,0.03]
[-0.03,0.03]
[-0.03,0.03]
[-0.03,0.03]
[-0.03,0.03]
[-0.03,0.03]
[0.6798039215686275,0.7398039215686275]
[0.966078431372549,1.026078431372549]
[0.966078431372549,1.026078431372549]
[0.966078431372549,1.026078431372549]
[0.5896078431372549,0.649607843137255]
[-0.03,0.03]
[-0.03,0.03]
[-0.03,0.03]
[-0.03,0.03]
[-0.03,0.03]
[-0.03,0.03]
[-0.03,0.03]
[-0.03,0.03]
[-0.03,0.03]
[-0.03,0.03]
[-0.03,0.03]
[-0.03,0.03]
[-0.03,0.03]
[-0.03,0.03]
[-0.03,0.03]
[-0.03,0.03]
[-0.03,0.03]
[-0.03,0.03]
[-0.03,0.03]
[-0.03,0.03]
[-0.03,0.03]
[-0.03,0.03]
[-0.03,0.03]
[0.6798039215686275,0.7398039215686275]
[0.966078431372549,1.026078431372549]
[0.966078431372549,1.026078431372549]
[0.9229411764705882,0.9829411764705882]
[0.13470588235294118,0.19470588235294117]
[-0.03,0.03]
[-0.03,0.03]
[-0.03,0.03]
[-0.03,0.03]
[-0.03,0.03]
[-0.03,0.03]
[-0.03,0.03]
[-0.03,0.03]
[-0.03,0.03]
[-0.03,0.03]
[-0.03,0.03]
[-0.03,0.03]
[-0.03,0.03]
[-0.03,0.03]
[-0.03,0.03]
[-0.03,0.03]
[-0.03,0.03]
[-0.03,0.03]
[-0.03,0.03]
[-0.03,0.03]
[-0.03,0.03]
[-0.03,0.03]
[0.10333333333333333,0.16333333333333333]
[0.8719607843137255,0.9319607843137255]
[0.966078431372549,1.026078431372549]
[0.966078431372549,1.026078431372549]
[0.6719607843137254,0.7319607843137255]
[-0.03,0.03]
[-0.03,0.03]
[-0.03,0.03]
[-0.03,0.03]
[-0.03,0.03]
[-0.03,0.03]
[-0.03,0.03]
[-0.03,0.03]
[-0.03,0.03]
[-0.03,0.03]
[-0.03,0.03]
[-0.03,0.03]
[-0.03,0.03]
[-0.03,0.03]
[-0.03,0.03]
[-0.03,0.03]
[-0.03,0.03]
[-0.03,0.03]
[-0.03,0.03]
[-0.03,0.03]
[-0.03,0.03]
[-0.03,0.03]
[-0.03,0.03]
[0.49941176470588233,0.5594117647058824]
[0.966078431372549,1.026078431372549]
[0.966078431372549,1.026078431372549]
[0.966078431372549,1.026078431372549]
[0.5778431372549019,0.6378431372549019]
[-0.03,0.03]
[-0.03,0.03]
[-0.03,0.03]
[-0.03,0.03]
[-0.03,0.03]
[-0.03,0.03]
[-0.03,0.03]
[-0.03,0.03]
[-0.03,0.03]
[-0.03,0.03]
[-0.03,0.03]
[-0.03,0.03]
[-0.03,0.03]
[-0.03,0.03]
[-0.03,0.03]
[-0.03,0.03]
[-0.03,0.03]
[-0.03,0.03]
[-0.03,0.03]
[-0.03,0.03]
[-0.03,0.03]
[-0.03,0.03]
[0.009215686274509804,0.0692156862745098]
[0.7229411764705882,0.7829411764705883]
[0.966078431372549,1.026078431372549]
[0.966078431372549,1.026078431372549]
[0.966078431372549,1.026078431372549]
[0.18568627450980393,0.24568627450980393]
[-0.03,0.03]
[-0.03,0.03]
[-0.03,0.03]
[-0.03,0.03]
[-0.03,0.03]
[-0.03,0.03]
[-0.03,0.03]
[-0.03,0.03]
[-0.03,0.03]
[-0.03,0.03]
[-0.03,0.03]
[-0.03,0.03]
[-0.03,0.03]
[-0.03,0.03]
[-0.03,0.03]
[-0.03,0.03]
[-0.03,0.03]
[-0.03,0.03]
[-0.03,0.03]
[-0.03,0.03]
[-0.03,0.03]
[-0.03,0.03]
[0.14254901960784314,0.20254901960784313]
[0.966078431372549,1.026078431372549]
[0.966078431372549,1.026078431372549]
[0.966078431372549,1.026078431372549]
[0.966078431372549,1.026078431372549]
[0.18568627450980393,0.24568627450980393]
[-0.03,0.03]
[-0.03,0.03]
[-0.03,0.03]
[-0.03,0.03]
[-0.03,0.03]
[-0.03,0.03]
[-0.03,0.03]
[-0.03,0.03]
[-0.03,0.03]
[-0.03,0.03]
[-0.03,0.03]
[-0.03,0.03]
[-0.03,0.03]
[-0.03,0.03]
[-0.03,0.03]
[-0.03,0.03]
[-0.03,0.03]
[-0.03,0.03]
[-0.03,0.03]
[-0.03,0.03]
[-0.03,0.03]
[-0.03,0.03]
[0.14254901960784314,0.20254901960784313]
[0.966078431372549,1.026078431372549]
[0.966078431372549,1.026078431372549]
[0.966078431372549,1.026078431372549]
[0.8954901960784314,0.9554901960784314]
[0.1307843137254902,0.1907843137254902]
[-0.03,0.03]
[-0.03,0.03]
[-0.03,0.03]
[-0.03,0.03]
[-0.03,0.03]
[-0.03,0.03]
[-0.03,0.03]
[-0.03,0.03]
[-0.03,0.03]
[-0.03,0.03]
[-0.03,0.03]
[-0.03,0.03]
[-0.03,0.03]
[-0.03,0.03]
[-0.03,0.03]
[-0.03,0.03]
[-0.03,0.03]
[-0.03,0.03]
[-0.03,0.03]
[-0.03,0.03]
[-0.03,0.03]
[-0.03,0.03]
[0.14254901960784314,0.20254901960784313]
[0.966078431372549,1.026078431372549]
[0.966078431372549,1.026078431372549]
[0.966078431372549,1.026078431372549]
[0.6994117647058823,0.7594117647058823]
[-0.03,0.03]
[-0.03,0.03]
[-0.03,0.03]
[-0.03,0.03]
[-0.03,0.03]
[-0.03,0.03]
[-0.03,0.03]
[-0.03,0.03]
[-0.03,0.03]
[-0.03,0.03]
[-0.03,0.03]
[-0.03,0.03]
[-0.03,0.03]
[-0.03,0.03]
[-0.03,0.03]
[-0.03,0.03]
[-0.03,0.03]
[-0.03,0.03]
[-0.03,0.03]
[-0.03,0.03]
[-0.03,0.03]
[-0.03,0.03]
[-0.03,0.03]
[0.14254901960784314,0.20254901960784313]
[0.966078431372549,1.026078431372549]
[0.966078431372549,1.026078431372549]
[0.966078431372549,1.026078431372549]
[0.3072549019607843,0.36725490196078436]
[-0.03,0.03]
[-0.03,0.03]
[-0.03,0.03]
[-0.03,0.03]
[-0.03,0.03]
[-0.03,0.03]
[-0.03,0.03]
[-0.03,0.03]
[-0.03,0.03]
[-0.03,0.03]
[-0.03,0.03]
[-0.03,0.03]
[-0.03,0.03]
[-0.03,0.03]
[-0.03,0.03]
[-0.03,0.03]
[-0.03,0.03]
[-0.03,0.03]
[-0.03,0.03]
[-0.03,0.03]
[-0.03,0.03]
[-0.03,0.03]
[-0.03,0.03]
[0.14254901960784314,0.20254901960784313]
[0.966078431372549,1.026078431372549]
[0.966078431372549,1.026078431372549]
[0.762156862745098,0.822156862745098]
[0.013137254901960785,0.07313725490196078]
[-0.03,0.03]
[-0.03,0.03]
[-0.03,0.03]
[-0.03,0.03]
[-0.03,0.03]
[-0.03,0.03]
[-0.03,0.03]
[-0.03,0.03]
[-0.03,0.03]
[-0.03,0.03]
[-0.03,0.03]
[-0.03,0.03]
[-0.03,0.03]
[-0.03,0.03]
[-0.03,0.03]
[-0.03,0.03]
[-0.03,0.03]
[-0.03,0.03]
[-0.03,0.03]
[-0.03,0.03]
[-0.03,0.03]
[-0.03,0.03]
[-0.03,0.03]
[0.06019607843137255,0.12019607843137255]
[0.8131372549019608,0.8731372549019608]
[0.966078431372549,1.026078431372549]
[0.9347058823529412,0.9947058823529412]
[0.3582352941176471,0.41823529411764704]
[-0.03,0.03]
[-0.03,0.03]
[-0.03,0.03]
[-0.03,0.03]
[-0.03,0.03]
[-0.03,0.03]
[-0.03,0.03]
[-0.03,0.03]
[-0.03,0.03]
[-0.03,0.03]
[-0.03,0.03]
[-0.03,0.03]
[-0.03,0.03]
[-0.03,0.03]
[-0.03,0.03]
[-0.03,0.03]
[-0.03,0.03]
[-0.03,0.03]
[-0.03,0.03]
[-0.03,0.03]
[-0.03,0.03]
[-0.03,0.03]
[-0.03,0.03]
[0.07588235294117647,0.13588235294117645]
[0.8445098039215686,0.9045098039215687]
[0.966078431372549,1.026078431372549]
[0.966078431372549,1.026078431372549]
[0.6994117647058823,0.7594117647058823]
[-0.03,0.03]
[-0.03,0.03]
[-0.03,0.03]
[-0.03,0.03]
[-0.03,0.03]
[-0.03,0.03]
[-0.03,0.03]
[-0.03,0.03]
[-0.03,0.03]
[-0.03,0.03]
[-0.03,0.03]
[-0.03,0.03]
[-0.03,0.03]
[-0.03,0.03]
[-0.03,0.03]
[-0.03,0.03]
[-0.03,0.03]
[-0.03,0.03]
[-0.03,0.03]
[-0.03,0.03]
[-0.03,0.03]
[-0.03,0.03]
[-0.03,0.03]
[0.04450980392156863,0.10450980392156863]
[0.7856862745098039,0.8456862745098039]
[0.966078431372549,1.026078431372549]
[0.966078431372549,1.026078431372549]
[0.6994117647058823,0.7594117647058823]
[-0.03,0.03]
[-0.03,0.03]
[-0.03,0.03]
[-0.03,0.03]
[-0.03,0.03]
[-0.03,0.03]
[-0.03,0.03]
[-0.03,0.03]
[-0.03,0.03]
[-0.03,0.03]
[-0.03,0.03]
[-0.03,0.03]
[-0.03,0.03]
[-0.03,0.03]
[-0.03,0.03]
[-0.03,0.03]
[-0.03,0.03]
[-0.03,0.03]
[-0.03,0.03]
[-0.03,0.03]
[-0.03,0.03]
[-0.03,0.03]
[-0.03,0.03]
[0.06019607843137255,0.12019607843137255]
[0.8131372549019608,0.8731372549019608]
[0.966078431372549,1.026078431372549]
[0.966078431372549,1.026078431372549]
[0.6994117647058823,0.7594117647058823]
[-0.03,0.03]
[-0.03,0.03]
[-0.03,0.03]
[-0.03,0.03]
[-0.03,0.03]
[-0.03,0.03]
[-0.03,0.03]
[-0.03,0.03]
[-0.03,0.03]
[-0.03,0.03]
[-0.03,0.03]
[-0.03,0.03]
[-0.03,0.03]
[-0.03,0.03]
[-0.03,0.03]
[-0.03,0.03]
[-0.03,0.03]
[-0.03,0.03]
[-0.03,0.03]
[-0.03,0.03]
[-0.03,0.03]
[-0.03,0.03]
[-0.03,0.03]
[0.06411764705882353,0.12411764705882353]
[0.8209803921568627,0.8809803921568627]
[0.966078431372549,1.026078431372549]
[0.966078431372549,1.026078431372549]
[0.6994117647058823,0.7594117647058823]
[-0.03,0.03]
[-0.03,0.03]
[-0.03,0.03]
[-0.03,0.03]
[-0.03,0.03]
[-0.03,0.03]
[-0.03,0.03]
[-0.03,0.03]
[-0.03,0.03]
[-0.03,0.03]
[-0.03,0.03]
[-0.03,0.03]
[-0.03,0.03]
[-0.03,0.03]
[-0.03,0.03]
[-0.03,0.03]
[-0.03,0.03]
[-0.03,0.03]
[-0.03,0.03]
[-0.03,0.03]
[-0.03,0.03]
[-0.03,0.03]
[-0.03,0.03]
[-0.03,0.03]
[0.4170588235294118,0.47705882352941176]
[0.97,1.03]
[0.97,1.03]
[0.46019607843137256,0.5201960784313725]
[-0.03,0.03]
[-0.03,0.03]
[-0.03,0.03]
[-0.03,0.03]
[-0.03,0.03]
[-0.03,0.03]
[-0.03,0.03]
[-0.03,0.03]
[-0.03,0.03]
[-0.03,0.03]
[-0.03,0.03]
[-0.03,0.03]
[-0.03,0.03]
[-0.03,0.03]
[-0.03,0.03]
[-0.03,0.03]
[-0.03,0.03]
[-0.03,0.03]
[-0.03,0.03]
[-0.03,0.03]
[-0.03,0.03]
[-0.03,0.03]
[-0.03,0.03]
[-0.03,0.03]
[-0.03,0.03]
[-0.03,0.03]
[-0.03,0.03]
[-0.03,0.03]
[-0.03,0.03]
[-0.03,0.03]
[-0.03,0.03]
[-0.03,0.03]
[-0.03,0.03]
[-0.03,0.03]
[-0.03,0.03]
[-0.03,0.03]
[-0.03,0.03]
[-0.03,0.03]
[-0.03,0.03]
[-0.03,0.03]
[-0.03,0.03]
[-0.03,0.03]
[-0.03,0.03]
[-0.03,0.03]
[-0.03,0.03]
[-0.03,0.03]
[-0.03,0.03]
[-0.03,0.03]
[-0.03,0.03]
[-0.03,0.03]
[-0.03,0.03]
[-0.03,0.03]
[-0.03,0.03]
[-0.03,0.03]
[-0.03,0.03]
[-0.03,0.03]
[-0.03,0.03]
[-0.03,0.03]
[-0.03,0.03]
[-0.03,0.03]
[-0.03,0.03]
[-0.03,0.03]
[-0.03,0.03]
[-0.03,0.03]
[-0.03,0.03]
[-0.03,0.03]
[-0.03,0.03]
[-0.03,0.03]
[-0.03,0.03]
[-0.03,0.03]
[-0.03,0.03]
[-0.03,0.03]
[-0.03,0.03]
[-0.03,0.03]
[-0.03,0.03]
[-0.03,0.03]
[-0.03,0.03]
[-0.03,0.03]
[-0.03,0.03]
[-0.03,0.03]
[-0.03,0.03]
[-0.03,0.03]
[-0.03,0.03]
[-0.03,0.03]
[-0.03,0.03]
[-0.03,0.03]
[-0.03,0.03]
[-0.03,0.03]
[-0.03,0.03]
[-0.03,0.03]
[-0.03,0.03]
[-0.03,0.03]
[-0.03,0.03]
[-0.03,0.03]
[-0.03,0.03]
[-0.03,0.03]
[-0.03,0.03]
[-0.03,0.03]
[-0.03,0.03]
[-0.03,0.03]
[-0.03,0.03]
[-0.03,0.03]
[-0.03,0.03]
[-0.03,0.03]
[-0.03,0.03]
[-0.03,0.03]
[-0.03,0.03]
[-0.03,0.03]
[-0.03,0.03]
[-0.03,0.03]
[-0.03,0.03]
[-0.03,0.03]
[-0.03,0.03]
[-0.03,0.03]
[-0.03,0.03]
[-0.03,0.03]
[-0.03,0.03]
[-0.03,0.03]
[-0.03,0.03]
[-0.03,0.03]
[-0.03,0.03]
[-0.03,0.03]
[-0.03,0.03]
[-0.03,0.03]
