[0.0,0.0]
[0.0,0.0]
[0.0,0.0]
[0.0,0.0]
[0.0,0.0]
[0.0,0.0]
[0.0,0.0]
[0.0,0.0]
[0.0,0.0]
[0.0,0.0]
[0.0,0.0]
[0.0,0.0]
[0.0,0.0]
[0.0,0.0]
[0.0,0.0]
[0.0,0.0]
[0.0,0.0]
[0.0,0.0]
[0.0,0.0]
[0.0,0.0]
[0.0,0.0]
[0.0,0.0]
[0.0,0.0]
[0.0,0.0]
[0.0,0.0]
[0.0,0.0]
[0.0,0.0]
[0.0,0.0]
[0.0,0.0]
[0.0,0.0]
[0.0,0.0]
[0.0,0.0]
[0.0,0.0]
[0.0,0.0]
[0.0,0.0]
[0.0,0.0]
[0.0,0.0]
[0.0,0.0]
[0.0,0.0]
[0.0,0.0]
[0.0,0.0]
[0.0,0.0]
[0.0,0.0]
[0.0,0.0]
[0.0,0.0]
[0.0,0.0]
[0.0,0.0]
[0.0,0.0]
[0.0,0.0]
[0.0,0.0]
[0.0,0.0]
[0.0,0.0]
[0.0,0.0]
[0.0,0.0]
[0.0,0.0]
[0.0,0.0]
[0.0,0.0]
[0.0,0.0]
[0.0,0.0]
[0.0,0.0]
[0.0,0.0]
[0.0,0.0]
[0.0,0.0]
[0.0,0.0]
[0.0,0.0]
[0.0,0.0]
[0.0,0.0]
[0.0,0.0]
[0.0,0.0]
[0.0,0.0]
[0.0,0.0]
[0.0,0.0]
[0.0,0.0]
[0.0,0.0]
[0.0,0.0]
[0.0,0.0]
[0.0,0.0]
[0.0,0.0]
[0.0,0.0]
[0.0,0.0]
[0.0,0.0]
[0.0,0.0]
[0.0,0.0]
[0.0,0.0]
[0.0,0.0]
[0.0,0.0]
[0.0,0.0]
[0.0,0.0]
[0.0,0.0]
[0.0,0.0]
[0.0,0.0]
[0.0,0.0]
[0.0,0.0]
[0.0,0.0]
[0.0,0.0]
[0.0,0.0]
[0.0,0.0]
[0.0,0.0]
[0.0,0.0]
[0.0,0.0]
[0.0,0.0]
[0.0,0.0]
[0.0,0.0]
[0.0,0.0]
[0.0,0.0]
[0.0,0.0]
[0.0,0.0]
[0.0,0.0]
[0.0,0.0]
[0.0,0.0]
[0.0,0.0]
[0.0,0.0]
[0.0,0.0]
[0.0,0.0]
[0.0,0.0]
[0.0,0.0]
[0.0,0.0]
[0.0,0.0]
[0.0,0.0]
[0.0,0.0]
[0.0,0.0]
[0.0,0.0]
[0.0,0.0]
[0.0,0.0]
[0.0,0.0]
[0.0,0.0]
[0.0,0.0]
[0.0,0.0]
[0.0,0.0]
[0.0,0.0]
[0.0,0.0]
[0.0,0.0]
[0.0,0.0]
[0.0,0.0]
[0.0,0.0]
[0.0,0.0]
[0.0,0.0]
[0.0,0.0]
[0.0,0.0]
[0.0,0.0]
[0.0,0.0]
[0.0,0.0]
[0.0,0.0]
[0.0,0.0]
[0.0,0.0]
[0.0,0.0]
[0.0,0.0]
[0.0,0.0]
[0.0,0.0]
[0.0,0.0]
[0.19607843137254902,0.19607843137254902]
[0.8784313725490196,0.8784313725490196]
[0.0,0.0]
[0.0,0.0]
[0.0,0.0]
[0.0,0.0]
[0.0,0.0]
[0.0,0.0]
[0.0,0.0]
[0.27450980392156865,0.27450980392156865]
[0.11372549019607843,0.11372549019607843]
[0.0,0.0]
[0.0,0.0]
[0.0,0.0]
[0.0,0.0]
[0.0,0.0]
[0.0,0.0]
[0.0,0.0]
[0.0,0.0]
[0.0,0.0]
[0.0,0.0]
[0.0,0.0]
[0.0,0.0]
[0.0,0.0]
[0.0,0.0]
[0.0,0.0]
[0.0,0.0]
[0.0,0.0]
[0.4745098039215686,0.4745098039215686]
[0.9058823529411765,0.9058823529411765]
[0.0,0.0]
[0.0,0.0]
[0.0,0.0]
[0.0,0.0]
[0.0,0.0]
[0.0,0.0]
[0.0,0.0]
[0.5803921568627451,0.5803921568627451]
[0.6588235294117647,0.6588235294117647]
[0.0,0.0]
[0.0,0.0]
[0.0,0.0]
[0.0,0.0]
[0.0,0.0]
[0.0,0.0]
[0.0,0.0]
[0.0,0.0]
[0.0,0.0]
[0.0,0.0]
[0.0,0.0]
[0.0,0.0]
[0.0,0.0]
[0.0,0.0]
[0.0,0.0]
[0.0,0.0]
[0.01568627450980392,0.01568627450980392]
[0.7647058823529411,0.7647058823529411]
[0.9058823529411765,0.9058823529411765]
[0.0,0.0]
[0.0,0.0]
[0.0,0.0]
[0.0,0.0]
[0.0,0.0]
[0.0,0.0]
[0.0,0.0]
[0.3764705882352941,0.3764705882352941]
[0.8235294117647058,0.8235294117647058]
[0.043137254901960784,0.043137254901960784]
[0.0,0.0]
[0.0,0.0]
[0.0,0.0]
[0.0,0.0]
[0.0,0.0]
[0.0,0.0]
[0.0,0.0]
[0.0,0.0]
[0.0,0.0]
[0.0,0.0]
[0.0,0.0]
[0.0,0.0]
[0.0,0.0]
[0.0,0.0]
[0.0,0.0]
[0.27058823529411763,0.27058823529411763]
[0.9882352941176471,0.9882352941176471]
[0.5254901960784314,0.5254901960784314]
[0.0,0.0]
[0.0,0.0]
[0.0,0.0]
[0.0,0.0]
[0.0,0.0]
[0.0,0.0]
[0.0,0.0]
[0.4470588235294118,0.4470588235294118]
[0.9882352941176471,0.9882352941176471]
[0.08235294117647059,0.08235294117647059]
[0.0,0.0]
[0.0,0.0]
[0.0,0.0]
[0.0,0.0]
[0.0,0.0]
[0.0,0.0]
[0.0,0.0]
[0.0,0.0]
[0.0,0.0]
[0.0,0.0]
[0.0,0.0]
[0.0,0.0]
[0.0,0.0]
[0.0,0.0]
[0.17647058823529413,0.17647058823529413]
[0.9254901960784314,0.9254901960784314]
[0.8509803921568627,0.8509803921568627]
[0.047058823529411764,0.047058823529411764]
[0.0,0.0]
[0.0,0.0]
[0.0,0.0]
[0.0,0.0]
[0.0,0.0]
[0.0,0.0]
[0.0,0.0]
[0.7529411764705882,0.7529411764705882]
[0.9882352941176471,0.9882352941176471]
[0.08235294117647059,0.08235294117647059]
[0.0,0.0]
[0.0,0.0]
[0.0,0.0]
[0.0,0.0]
[0.0,0.0]
[0.0,0.0]
[0.0,0.0]
[0.0,0.0]
[0.0,0.0]
[0.0,0.0]
[0.0,0.0]
[0.0,0.0]
[0.0,0.0]
[0.0,0.0]
[0.6588235294117647,0.6588235294117647]
[0.9686274509803922,0.9686274509803922]
[0.20784313725490197,0.20784313725490197]
[0.0,0.0]
[0.0,0.0]
[0.0,0.0]
[0.0,0.0]
[0.0,0.0]
[0.0,0.0]
[0.0,0.0]
[0.07058823529411765,0.07058823529411765]
[1.0,1.0]
[0.9921568627450981,0.9921568627450981]
[0.08235294117647059,0.08235294117647059]
[0.0,0.0]
[0.0,0.0]
[0.0,0.0]
[0.0,0.0]
[0.0,0.0]
[0.0,0.0]
[0.0,0.0]
[0.0,0.0]
[0.0,0.0]
[0.0,0.0]
[0.0,0.0]
[0.0,0.0]
[0.0,0.0]
[0.32941176470588235,0.32941176470588235]
[0.9490196078431372,0.9490196078431372]
[0.8274509803921568,0.8274509803921568]
[0.0,0.0]
[0.0,0.0]
[0.0,0.0]
[0.0,0.0]
[0.0,0.0]
[0.0,0.0]
[0.0,0.0]
[0.0,0.0]
[0.5529411764705883,0.5529411764705883]
[0.9921568627450981,0.9921568627450981]
[0.7411764705882353,0.7411764705882353]
[0.0196078431372549,0.0196078431372549]
[0.0,0.0]
[0.0,0.0]
[0.0,0.0]
[0.0,0.0]
[0.0,0.0]
[0.0,0.0]
[0.0,0.0]
[0.0,0.0]
[0.0,0.0]
[0.0,0.0]
[0.0,0.0]
[0.0,0.0]
[0.0,0.0]
[0.6627450980392157,0.6627450980392157]
[0.9882352941176471,0.9882352941176471]
[0.41568627450980394,0.41568627450980394]
[0.0,0.0]
[0.0,0.0]
[0.0,0.0]
[0.0,0.0]
[0.0,0.0]
[0.0,0.0]
[0.0,0.0]
[0.12549019607843137,0.12549019607843137]
[0.9098039215686274,0.9098039215686274]
[0.9803921568627451,0.9803921568627451]
[0.25882352941176473,0.25882352941176473]
[0.0,0.0]
[0.0,0.0]
[0.0,0.0]
[0.0,0.0]
[0.0,0.0]
[0.0,0.0]
[0.0,0.0]
[0.0,0.0]
[0.0,0.0]
[0.0,0.0]
[0.0,0.0]
[0.0,0.0]
[0.0,0.0]
[0.058823529411764705,0.058823529411764705]
[0.8823529411764706,0.8823529411764706]
[0.9882352941176471,0.9882352941176471]
[0.0,0.0]
[0.0,0.0]
[0.0,0.0]
[0.0,0.0]
[0.0,0.0]
[0.0,0.0]
[0.0,0.0]
[0.0,0.0]
[0.5254901960784314,0.5254901960784314]
[0.9882352941176471,0.9882352941176471]
[0.8274509803921568,0.8274509803921568]
[0.0,0.0]
[0.0,0.0]
[0.0,0.0]
[0.0,0.0]
[0.0,0.0]
[0.0,0.0]
[0.0,0.0]
[0.0,0.0]
[0.0,0.0]
[0.0,0.0]
[0.0,0.0]
[0.0,0.0]
[0.0,0.0]
[0.0,0.0]
[0.08627450980392157,0.08627450980392157]
[0.9882352941176471,0.9882352941176471]
[0.6431372549019608,0.6431372549019608]
[0.0,0.0]
[0.0,0.0]
[0.0,0.0]
[0.0,0.0]
[0.0,0.0]
[0.0,0.0]
[0.0,0.0]
[0.0,0.0]
[0.6627450980392157,0.6627450980392157]
[0.9882352941176471,0.9882352941176471]
[0.6549019607843137,0.6549019607843137]
[0.0,0.0]
[0.0,0.0]
[0.0,0.0]
[0.0,0.0]
[0.0,0.0]
[0.0,0.0]
[0.0,0.0]
[0.0,0.0]
[0.0,0.0]
[0.0,0.0]
[0.0,0.0]
[0.0,0.0]
[0.0,0.0]
[0.0,0.0]
[0.03529411764705882,0.03529411764705882]
[0.8,0.8]
[0.8196078431372549,0.8196078431372549]
[0.07058823529411765,0.07058823529411765]
[0.0,0.0]
[0.0,0.0]
[0.0,0.0]
[0.0,0.0]
[0.0,0.0]
[0.0,0.0]
[0.08627450980392157,0.08627450980392157]
[0.9921568627450981,0.9921568627450981]
[0.9921568627450981,0.9921568627450981]
[0.4196078431372549,0.4196078431372549]
[0.0,0.0]
[0.0,0.0]
[0.0,0.0]
[0.0,0.0]
[0.0,0.0]
[0.0,0.0]
[0.0,0.0]
[0.0,0.0]
[0.0,0.0]
[0.0,0.0]
[0.0,0.0]
[0.0,0.0]
[0.0,0.0]
[0.0,0.0]
[0.0,0.0]
[0.6627450980392157,0.6627450980392157]
[0.9882352941176471,0.9882352941176471]
[0.7803921568627451,0.7803921568627451]
[0.3333333333333333,0.3333333333333333]
[0.3333333333333333,0.3333333333333333]
[0.3333333333333333,0.3333333333333333]
[0.3333333333333333,0.3333333333333333]
[0.5058823529411764,0.5058823529411764]
[0.6431372549019608,0.6431372549019608]
[0.7647058823529411,0.7647058823529411]
[0.9882352941176471,0.9882352941176471]
[0.9882352941176471,0.9882352941176471]
[0.41568627450980394,0.41568627450980394]
[0.0,0.0]
[0.0,0.0]
[0.0,0.0]
[0.0,0.0]
[0.0,0.0]
[0.0,0.0]
[0.0,0.0]
[0.0,0.0]
[0.0,0.0]
[0.0,0.0]
[0.0,0.0]
[0.0,0.0]
[0.0,0.0]
[0.0,0.0]
[0.0,0.0]
[0.1607843137254902,0.1607843137254902]
[0.6666666666666666,0.6666666666666666]
[0.9607843137254902,0.9607843137254902]
[0.9882352941176471,0.9882352941176471]
[0.9882352941176471,0.9882352941176471]
[0.9882352941176471,0.9882352941176471]
[0.9882352941176471,0.9882352941176471]
[0.9098039215686274,0.9098039215686274]
[0.9058823529411765,0.9058823529411765]
[0.984313725490196,0.984313725490196]
[0.9882352941176471,0.9882352941176471]
[0.9882352941176471,0.9882352941176471]
[0.03529411764705882,0.03529411764705882]
[0.0,0.0]
[0.0,0.0]
[0.0,0.0]
[0.0,0.0]
[0.0,0.0]
[0.0,0.0]
[0.0,0.0]
[0.0,0.0]
[0.0,0.0]
[0.0,0.0]
[0.0,0.0]
[0.0,0.0]
[0.0,0.0]
[0.0,0.0]
[0.0,0.0]
[0.0,0.0]
[0.0,0.0]
[0.19215686274509805,0.19215686274509805]
[0.32941176470588235,0.32941176470588235]
[0.32941176470588235,0.32941176470588235]
[0.32941176470588235,0.32941176470588235]
[0.32941176470588235,0.32941176470588235]
[0.0,0.0]
[0.0,0.0]
[0.6313725490196078,0.6313725490196078]
[0.9882352941176471,0.9882352941176471]
[0.9882352941176471,0.9882352941176471]
[0.0,0.0]
[0.0,0.0]
[0.0,0.0]
[0.0,0.0]
[0.0,0.0]
[0.0,0.0]
[0.0,0.0]
[0.0,0.0]
[0.0,0.0]
[0.0,0.0]
[0.0,0.0]
[0.0,0.0]
[0.0,0.0]
[0.0,0.0]
[0.0,0.0]
[0.0,0.0]
[0.0,0.0]
[0.0,0.0]
[0.0,0.0]
[0.0,0.0]
[0.0,0.0]
[0.0,0.0]
[0.0,0.0]
[0.0,0.0]
[0.0,0.0]
[0.4980392156862745,0.4980392156862745]
[0.9882352941176471,0.9882352941176471]
[0.9882352941176471,0.9882352941176471]
[0.17647058823529413,0.17647058823529413]
[0.0,0.0]
[0.0,0.0]
[0.0,0.0]
[0.0,0.0]
[0.0,0.0]
[0.0,0.0]
[0.0,0.0]
[0.0,0.0]
[0.0,0.0]
[0.0,0.0]
[0.0,0.0]
[0.0,0.0]
[0.0,0.0]
[0.0,0.0]
[0.0,0.0]
[0.0,0.0]
[0.0,0.0]
[0.0,0.0]
[0.0,0.0]
[0.0,0.0]
[0.0,0.0]
[0.0,0.0]
[0.0,0.0]
[0.0,0.0]
[0.5019607843137255,0.5019607843137255]
[0.9921568627450981,0.9921568627450981]
[0.9921568627450981,0.9921568627450981]
[0.0,0.0]
[0.0,0.0]
[0.0,0.0]
[0.0,0.0]
[0.0,0.0]
[0.0,0.0]
[0.0,0.0]
[0.0,0.0]
[0.0,0.0]
[0.0,0.0]
[0.0,0.0]
[0.0,0.0]
[0.0,0.0]
[0.0,0.0]
[0.0,0.0]
[0.0,0.0]
[0.0,0.0]
[0.0,0.0]
[0.0,0.0]
[0.0,0.0]
[0.0,0.0]
[0.0,0.0]
[0.0,0.0]
[0.0,0.0]
[0.0,0.0]
[0.4980392156862745,0.4980392156862745]
[0.9882352941176471,0.9882352941176471]
[0.9882352941176471,0.9882352941176471]
[0.0,0.0]
[0.0,0.0]
[0.0,0.0]
[0.0,0.0]
[0.0,0.0]
[0.0,0.0]
[0.0,0.0]
[0.0,0.0]
[0.0,0.0]
[0.0,0.0]
[0.0,0.0]
[0.0,0.0]
[0.0,0.0]
[0.0,0.0]
[0.0,0.0]
[0.0,0.0]
[0.0,0.0]
[0.0,0.0]
[0.0,0.0]
[0.0,0.0]
[0.0,0.0]
[0.0,0.0]
[0.0,0.0]
[0.0,0.0]
[0.0,0.0]
[0.5294117647058824,0.5294117647058824]
[0.9882352941176471,0.9882352941176471]
[0.9568627450980393,0.9568627450980393]
[0.0,0.0]
[0.0,0.0]
[0.0,0.0]
[0.0,0.0]
[0.0,0.0]
[0.0,0.0]
[0.0,0.0]
[0.0,0.0]
[0.0,0.0]
[0.0,0.0]
[0.0,0.0]
[0.0,0.0]
[0.0,0.0]
[0.0,0.0]
[0.0,0.0]
[0.0,0.0]
[0.0,0.0]
[0.0,0.0]
[0.0,0.0]
[0.0,0.0]
[0.0,0.0]
[0.0,0.0]
[0.0,0.0]
[0.0,0.0]
[0.0,0.0]
[0.9098039215686274,0.9098039215686274]
[0.9254901960784314,0.9254901960784314]
[0.43529411764705883,0.43529411764705883]
[0.0,0.0]
[0.0,0.0]
[0.0,0.0]
[0.0,0.0]
[0.0,0.0]
[0.0,0.0]
[0.0,0.0]
[0.0,0.0]
[0.0,0.0]
[0.0,0.0]
[0.0,0.0]
[0.0,0.0]
[0.0,0.0]
[0.0,0.0]
[0.0,0.0]
[0.0,0.0]
[0.0,0.0]
[0.0,0.0]
[0.0,0.0]
[0.0,0.0]
[0.0,0.0]
[0.0,0.0]
[0.0,0.0]
[0.0,0.0]
[0.0,0.0]
[0.7019607843137254,0.7019607843137254]
[0.25882352941176473,0.25882352941176473]
[0.0,0.0]
[0.0,0.0]
[0.0,0.0]
[0.0,0.0]
[0.0,0.0]
[0.0,0.0]
[0.0,0.0]
[0.0,0.0]
[0.0,0.0]
[0.0,0.0]
[0.0,0.0]
[0.0,0.0]
[0.0,0.0]
[0.0,0.0]
[0.0,0.0]
[0.0,0.0]
[0.0,0.0]
[0.0,0.0]
[0.0,0.0]
[0.0,0.0]
[0.0,0.0]
[0.0,0.0]
[0.0,0.0]
[0.0,0.0]
[0.0,0.0]
[0.0,0.0]
[0.0,0.0]
[0.0,0.0]
[0.0,0.0]
[0.0,0.0]
[0.0,0.0]
[0.0,0.0]
[0.0,0.0]
[0.0,0.0]
[0.0,0.0]
[0.0,0.0]
[0.0,0.0]
[0.0,0.0]
[0.0,0.0]
[0.0,0.0]
[0.0,0.0]
[0.0,0.0]
[0.0,0.0]
[0.0,0.0]
[0.0,0.0]
[0.0,0.0]
[0.0,0.0]
[0.0,0.0]
[0.0,0.0]
[0.0,0.0]
[0.0,0.0]
[0.0,0.0]
[0.0,0.0]
[0.0,0.0]
[0.0,0.0]
[0.0,0.0]
[0.0,0.0]
[0.0,0.0]
[0.0,0.0]
[0.0,0.0]
[0.0,0.0]
[0.0,0.0]
[0.0,0.0]
[0.0,0.0]
[0.0,0.0]
[0.0,0.0]
[0.0,0.0]
[0.0,0.0]
[0.0,0.0]
[0.0,0.0]
[0.0,0.0]
[0.0,0.0]
[0.0,0.0]
[0.0,0.0]
[0.0,0.0]
[0.0,0.0]
[0.0,0.0]
[0.0,0.0]
[0.0,0.0]
[0.0,0.0]
[0.0,0.0]
[0.0,0.0]
[0.0,0.0]
[0.0,0.0]
[0.0,0.0]
[0.0,0.0]
[0.0,0.0]
[0.0,0.0]
[0.0,0.0]
[0.0,0.0]
[0.0,0.0]
[0.0,0.0]
[0.0,0.0]
[0.0,0.0]
[-0.02,0.02]
[-0.02,0.02]
[-0.02,0.02]
[-0.02,0.02]
[-0.02,0.02]
[-0.02,0.02]
[-0.02,0.02]
[-0.02,0.02]
[-0.02,0.02]
[-0.02,0.02]
[-0.02,0.02]
[-0.02,0.02]
[-0.02,0.02]
[-0.02,0.02]
[-0.02,0.02]
[-0.02,0.02]
[-0.02,0.02]
[-0.02,0.02]
[-0.02,0.02]
[-0.02,0.02]
[-0.02,0.02]
[-0.02,0.02]
[-0.02,0.02]
[-0.02,0.02]
[-0.02,0.02]
[-0.02,0.02]
[-0.02,0.02]
[-0.02,0.02]
[-0.02,0.02]
[-0.02,0.02]
[-0.02,0.02]
[-0.02,0.02]
[-0.02,0.02]
[-0.02,0.02]
[-0.02,0.02]
[-0.02,0.02]
[-0.02,0.02]
[-0.02,0.02]
[-0.02,0.02]
[-0.02,0.02]
[-0.02,0.02]
[-0.02,0.02]
[-0.02,0.02]
[-0.02,0.02]
[-0.02,0.02]
[-0.02,0.02]
[-0.02,0.02]
[-0.02,0.02]
[-0.02,0.02]
[-0.02,0.02]
[-0.02,0.02]
[-0.02,0.02]
[-0.02,0.02]
[-0.02,0.02]
[-0.02,0.02]
[-0.02,0.02]
[-0.02,0.02]
[-0.02,0.02]
[-0.02,0.02]
[-0.02,0.02]
[-0.02,0.02]
[-0.02,0.02]
[-0.02,0.02]
[-0.02,0.02]
[-0.02,0.02]
[-0.02,0.02]
[-0.02,0.02]
[-0.02,0.02]
[-0.02,0.02]
[-0.02,0.02]
[-0.02,0.02]
[-0.02,0.02]
[-0.02,0.02]
[-0.02,0.02]
[-0.02,0.02]
[-0.02,0.02]
[-0.02,0.02]
[-0.02,0.02]
[-0.02,0.02]
[-0.02,0.02]
[-0.02,0.02]
[-0.02,0.02]
[-0.02,0.02]
[-0.02,0.02]
[-0.02,0.02]
[-0.02,0.02]
[-0.02,0.02]
[-0.02,0.02]
[-0.02,0.02]
[-0.02,0.02]
[-0.02,0.02]
[-0.02,0.02]
[-0.02,0.02]
[-0.02,0.02]
[-0.02,0.02]
[-0.02,0.02]
[-0.02,0.02]
[-0.02,0.02]
[-0.02,0.02]
[-0.02,0.02]
[-0.02,0.02]
[-0.02,0.02]
[-0.02,0.02]
[-0.02,0.02]
[-0.02,0.02]
[-0.02,0.02]
[-0.02,0.02]
[-0.02,0.02]
[-0.02,0.02]
[-0.02,0.02]
[-0.02,0.02]
[-0.02,0.02]
[-0.02,0.02]
[-0.02,0.02]
[-0.02,0.02]
[-0.02,0.02]
[-0.02,0.02]
[-0.02,0.02]
[-0.02,0.02]
[-0.02,0.02]
[-0.02,0.02]
[-0.02,0.02]
[-0.02,0.02]
[-0.02,0.02]
[-0.02,0.02]
[-0.02,0.02]
[-0.02,0.02]
[-0.02,0.02]
[-0.02,0.02]
[-0.02,0.02]
[-0.02,0.02]
[-0.02,0.02]
[-0.02,0.02]
[-0.02,0.02]
[-0.02,0.02]
[-0.02,0.02]
[-0.02,0.02]
[-0.02,0.02]
[-0.02,0.02]
[-0.02,0.02]
[-0.02,0.02]
[-0.02,0.02]
[-0.02,0.02]
[-0.02,0.02]
[-0.02,0.02]
[-0.02,0.02]
[-0.02,0.02]
[-0.02,0.02]
[-0.02,0.02]
[-0.02,0.02]
[0.17607843137254903,0.216078431372549]
[0.8584313725490196,0.8984313725490196]
[-0.02,0.02]
[-0.02,0.02]
[-0.02,0.02]
[-0.02,0.02]
[-0.02,0.02]
[-0.02,0.02]
[-0.02,0.02]
[0.25450980392156863,0.29450980392156867]
[0.09372549019607843,0.13372549019607843]
[-0.02,0.02]
[-0.02,0.02]
[-0.02,0.02]
[-0.02,0.02]
[-0.02,0.02]
[-0.02,0.02]
[-0.02,0.02]
[-0.02,0.02]
[-0.02,0.02]
[-0.02,0.02]
[-0.02,0.02]
[-0.02,0.02]
[-0.02,0.02]
[-0.02,0.02]
[-0.02,0.02]
[-0.02,0.02]
[-0.02,0.02]
[0.4545098039215686,0.4945098039215686]
[0.8858823529411765,0.9258823529411765]
[-0.02,0.02]
[-0.02,0.02]
[-0.02,0.02]
[-0.02,0.02]
[-0.02,0.02]
[-0.02,0.02]
[-0.02,0.02]
[0.5603921568627451,0.6003921568627452]
[0.6388235294117647,0.6788235294117647]
[-0.02,0.02]
[-0.02,0.02]
[-0.02,0.02]
[-0.02,0.02]
[-0.02,0.02]
[-0.02,0.02]
[-0.02,0.02]
[-0.02,0.02]
[-0.02,0.02]
[-0.02,0.02]
[-0.02,0.02]
[-0.02,0.02]
[-0.02,0.02]
[-0.02,0.02]
[-0.02,0.02]
[-0.02,0.02]
[-0.004313725490196079,0.035686274509803925]
[0.7447058823529411,0.7847058823529411]
[0.8858823529411765,0.9258823529411765]
[-0.02,0.02]
[-0.02,0.02]
[-0.02,0.02]
[-0.02,0.02]
[-0.02,0.02]
[-0.02,0.02]
[-0.02,0.02]
[0.3564705882352941,0.39647058823529413]
[0.8035294117647058,0.8435294117647059]
[0.023137254901960783,0.06313725490196079]
[-0.02,0.02]
[-0.02,0.02]
[-0.02,0.02]
[-0.02,0.02]
[-0.02,0.02]
[-0.02,0.02]
[-0.02,0.02]
[-0.02,0.02]
[-0.02,0.02]
[-0.02,0.02]
[-0.02,0.02]
[-0.02,0.02]
[-0.02,0.02]
[-0.02,0.02]
[-0.02,0.02]
[0.2505882352941176,0.29058823529411765]
[0.9682352941176471,1.0082352941176471]
[0.5054901960784314,0.5454901960784314]
[-0.02,0.02]
[-0.02,0.02]
[-0.02,0.02]
[-0.02,0.02]
[-0.02,0.02]
[-0.02,0.02]
[-0.02,0.02]
[0.42705882352941177,0.4670588235294118]
[0.9682352941176471,1.0082352941176471]
[0.06235294117647058,0.10235294117647059]
[-0.02,0.02]
[-0.02,0.02]
[-0.02,0.02]
[-0.02,0.02]
[-0.02,0.02]
[-0.02,0.02]
[-0.02,0.02]
[-0.02,0.02]
[-0.02,0.02]
[-0.02,0.02]
[-0.02,0.02]
[-0.02,0.02]
[-0.02,0.02]
[-0.02,0.02]
[0.15647058823529414,0.19647058823529412]
[0.9054901960784314,0.9454901960784314]
[0.8309803921568627,0.8709803921568627]
[0.027058823529411764,0.06705882352941177]
[-0.02,0.02]
[-0.02,0.02]
[-0.02,0.02]
[-0.02,0.02]
[-0.02,0.02]
[-0.02,0.02]
[-0.02,0.02]
[0.7329411764705882,0.7729411764705882]
[0.9682352941176471,1.0082352941176471]
[0.06235294117647058,0.10235294117647059]
[-0.02,0.02]
[-0.02,0.02]
[-0.02,0.02]
[-0.02,0.02]
[-0.02,0.02]
[-0.02,0.02]
[-0.02,0.02]
[-0.02,0.02]
[-0.02,0.02]
[-0.02,0.02]
[-0.02,0.02]
[-0.02,0.02]
[-0.02,0.02]
[-0.02,0.02]
[0.6388235294117647,0.6788235294117647]
[0.9486274509803921,0.9886274509803922]
[0.18784313725490198,0.22784313725490196]
[-0.02,0.02]
[-0.02,0.02]
[-0.02,0.02]
[-0.02,0.02]
[-0.02,0.02]
[-0.02,0.02]
[-0.02,0.02]
[0.05058823529411764,0.09058823529411765]
[0.98,1.02]
[0.972156862745098,1.012156862745098]
[0.06235294117647058,0.10235294117647059]
[-0.02,0.02]
[-0.02,0.02]
[-0.02,0.02]
[-0.02,0.02]
[-0.02,0.02]
[-0.02,0.02]
[-0.02,0.02]
[-0.02,0.02]
[-0.02,0.02]
[-0.02,0.02]
[-0.02,0.02]
[-0.02,0.02]
[-0.02,0.02]
[0.30941176470588233,0.34941176470588237]
[0.9290196078431372,0.9690196078431372]
[0.8074509803921568,0.8474509803921568]
[-0.02,0.02]
[-0.02,0.02]
[-0.02,0.02]
[-0.02,0.02]
[-0.02,0.02]
[-0.02,0.02]
[-0.02,0.02]
[-0.02,0.02]
[0.5329411764705883,0.5729411764705883]
[0.972156862745098,1.012156862745098]
[0.7211764705882353,0.7611764705882353]
[-0.00039215686274509873,0.039607843137254906]
[-0.02,0.02]
[-0.02,0.02]
[-0.02,0.02]
[-0.02,0.02]
[-0.02,0.02]
[-0.02,0.02]
[-0.02,0.02]
[-0.02,0.02]
[-0.02,0.02]
[-0.02,0.02]
[-0.02,0.02]
[-0.02,0.02]
[-0.02,0.02]
[0.6427450980392156,0.6827450980392157]
[0.9682352941176471,1.0082352941176471]
[0.3956862745098039,0.43568627450980396]
[-0.02,0.02]
[-0.02,0.02]
[-0.02,0.02]
[-0.02,0.02]
[-0.02,0.02]
[-0.02,0.02]
[-0.02,0.02]
[0.10549019607843137,0.14549019607843136]
[0.8898039215686274,0.9298039215686275]
[0.960392156862745,1.000392156862745]
[0.23882352941176474,0.27882352941176475]
[-0.02,0.02]
[-0.02,0.02]
[-0.02,0.02]
[-0.02,0.02]
[-0.02,0.02]
[-0.02,0.02]
[-0.02,0.02]
[-0.02,0.02]
[-0.02,0.02]
[-0.02,0.02]
[-0.02,0.02]
[-0.02,0.02]
[-0.02,0.02]
[0.0388235294117647,0.07882352941176471]
[0.8623529411764705,0.9023529411764706]
[0.9682352941176471,1.0082352941176471]
[-0.02,0.02]
[-0.02,0.02]
[-0.02,0.02]
[-0.02,0.02]
[-0.02,0.02]
[-0.02,0.02]
[-0.02,0.02]
[-0.02,0.02]
[0.5054901960784314,0.5454901960784314]
[0.9682352941176471,1.0082352941176471]
[0.8074509803921568,0.8474509803921568]
[-0.02,0.02]
[-0.02,0.02]
[-0.02,0.02]
[-0.02,0.02]
[-0.02,0.02]
[-0.02,0.02]
[-0.02,0.02]
[-0.02,0.02]
[-0.02,0.02]
[-0.02,0.02]
[-0.02,0.02]
[-0.02,0.02]
[-0.02,0.02]
[-0.02,0.02]
[0.06627450980392156,0.10627450980392157]
[0.9682352941176471,1.0082352941176471]
[0.6231372549019608,0.6631372549019608]
[-0.02,0.02]
[-0.02,0.02]
[-0.02,0.02]
[-0.02,0.02]
[-0.02,0.02]
[-0.02,0.02]
[-0.02,0.02]
[-0.02,0.02]
[0.6427450980392156,0.6827450980392157]
[0.9682352941176471,1.0082352941176471]
[0.6349019607843137,0.6749019607843137]
[-0.02,0.02]
[-0.02,0.02]
[-0.02,0.02]
[-0.02,0.02]
[-0.02,0.02]
[-0.02,0.02]
[-0.02,0.02]
[-0.02,0.02]
[-0.02,0.02]
[-0.02,0.02]
[-0.02,0.02]
[-0.02,0.02]
[-0.02,0.02]
[-0.02,0.02]
[0.015294117647058823,0.05529411764705883]
[0.78,0.8200000000000001]
[0.7996078431372549,0.8396078431372549]
[0.05058823529411764,0.09058823529411765]
[-0.02,0.02]
[-0.02,0.02]
[-0.02,0.02]
[-0.02,0.02]
[-0.02,0.02]
[-0.02,0.02]
[0.06627450980392156,0.10627450980392157]
[0.972156862745098,1.012156862745098]
[0.972156862745098,1.012156862745098]
[0.3996078431372549,0.43960784313725493]
[-0.02,0.02]
[-0.02,0.02]
[-0.02,0.02]
[-0.02,0.02]
[-0.02,0.02]
[-0.02,0.02]
[-0.02,0.02]
[-0.02,0.02]
[-0.02,0.02]
[-0.02,0.02]
[-0.02,0.02]
[-0.02,0.02]
[-0.02,0.02]
[-0.02,0.02]
[-0.02,0.02]
[0.6427450980392156,0.6827450980392157]
[0.9682352941176471,1.0082352941176471]
[0.7603921568627451,0.8003921568627451]
[0.3133333333333333,0.35333333333333333]
[0.3133333333333333,0.35333333333333333]
[0.3133333333333333,0.35333333333333333]
[0.3133333333333333,0.35333333333333333]
[0.48588235294117643,0.5258823529411765]
[0.6231372549019608,0.6631372549019608]
[0.7447058823529411,0.7847058823529411]
[0.9682352941176471,1.0082352941176471]
[0.9682352941176471,1.0082352941176471]
[0.3956862745098039,0.43568627450980396]
[-0.02,0.02]
[-0.02,0.02]
[-0.02,0.02]
[-0.02,0.02]
[-0.02,0.02]
[-0.02,0.02]
[-0.02,0.02]
[-0.02,0.02]
[-0.02,0.02]
[-0.02,0.02]
[-0.02,0.02]
[-0.02,0.02]
[-0.02,0.02]
[-0.02,0.02]
[-0.02,0.02]
[0.14078431372549022,0.1807843137254902]
[0.6466666666666666,0.6866666666666666]
[0.9407843137254902,0.9807843137254902]
[0.9682352941176471,1.0082352941176471]
[0.9682352941176471,1.0082352941176471]
[0.9682352941176471,1.0082352941176471]
[0.9682352941176471,1.0082352941176471]
[0.8898039215686274,0.9298039215686275]
[0.8858823529411765,0.9258823529411765]
[0.964313725490196,1.004313725490196]
[0.9682352941176471,1.0082352941176471]
[0.9682352941176471,1.0082352941176471]
[0.015294117647058823,0.05529411764705883]
[-0.02,0.02]
[-0.02,0.02]
[-0.02,0.02]
[-0.02,0.02]
[-0.02,0.02]
[-0.02,0.02]
[-0.02,0.02]
[-0.02,0.02]
[-0.02,0.02]
[-0.02,0.02]
[-0.02,0.02]
[-0.02,0.02]
[-0.02,0.02]
[-0.02,0.02]
[-0.02,0.02]
[-0.02,0.02]
[-0.02,0.02]
[0.17215686274509806,0.21215686274509804]
[0.30941176470588233,0.34941176470588237]
[0.30941176470588233,0.34941176470588237]
[0.30941176470588233,0.34941176470588237]
[0.30941176470588233,0.34941176470588237]
[-0.02,0.02]
[-0.02,0.02]
[0.6113725490196078,0.6513725490196078]
[0.9682352941176471,1.0082352941176471]
[0.9682352941176471,1.0082352941176471]
[-0.02,0.02]
[-0.02,0.02]
[-0.02,0.02]
[-0.02,0.02]
[-0.02,0.02]
[-0.02,0.02]
[-0.02,0.02]
[-0.02,0.02]
[-0.02,0.02]
[-0.02,0.02]
[-0.02,0.02]
[-0.02,0.02]
[-0.02,0.02]
[-0.02,0.02]
[-0.02,0.02]
[-0.02,0.02]
[-0.02,0.02]
[-0.02,0.02]
[-0.02,0.02]
[-0.02,0.02]
[-0.02,0.02]
[-0.02,0.02]
[-0.02,0.02]
[-0.02,0.02]
[-0.02,0.02]
[0.4780392156862745,0.5180392156862745]
[0.9682352941176471,1.0082352941176471]
[0.9682352941176471,1.0082352941176471]
[0.15647058823529414,0.19647058823529412]
[-0.02,0.02]
[-0.02,0.02]
[-0.02,0.02]
[-0.02,0.02]
[-0.02,0.02]
[-0.02,0.02]
[-0.02,0.02]
[-0.02,0.02]
[-0.02,0.02]
[-0.02,0.02]
[-0.02,0.02]
[-0.02,0.02]
[-0.02,0.02]
[-0.02,0.02]
[-0.02,0.02]
[-0.02,0.02]
[-0.02,0.02]
[-0.02,0.02]
[-0.02,0.02]
[-0.02,0.02]
[-0.02,0.02]
[-0.02,0.02]
[-0.02,0.02]
[-0.02,0.02]
[0.48196078431372547,0.5219607843137255]
[0.972156862745098,1.012156862745098]
[0.972156862745098,1.012156862745098]
[-0.02,0.02]
[-0.02,0.02]
[-0.02,0.02]
[-0.02,0.02]
[-0.02,0.02]
[-0.02,0.02]
[-0.02,0.02]
[-0.02,0.02]
[-0.02,0.02]
[-0.02,0.02]
[-0.02,0.02]
[-0.02,0.02]
[-0.02,0.02]
[-0.02,0.02]
[-0.02,0.02]
[-0.02,0.02]
[-0.02,0.02]
[-0.02,0.02]
[-0.02,0.02]
[-0.02,0.02]
[-0.02,0.02]
[-0.02,0.02]
[-0.02,0.02]
[-0.02,0.02]
[-0.02,0.02]
[0.4780392156862745,0.5180392156862745]
[0.9682352941176471,1.0082352941176471]
[0.9682352941176471,1.0082352941176471]
[-0.02,0.02]
[-0.02,0.02]
[-0.02,0.02]
[-0.02,0.02]
[-0.02,0.02]
[-0.02,0.02]
[-0.02,0.02]
[-0.02,0.02]
[-0.02,0.02]
[-0.02,0.02]
[-0.02,0.02]
[-0.02,0.02]
[-0.02,0.02]
[-0.02,0.02]
[-0.02,0.02]
[-0.02,0.02]
[-0.02,0.02]
[-0.02,0.02]
[-0.02,0.02]
[-0.02,0.02]
[-0.02,0.02]
[-0.02,0.02]
[-0.02,0.02]
[-0.02,0.02]
[-0.02,0.02]
[0.5094117647058823,0.5494117647058824]
[0.9682352941176471,1.0082352941176471]
[0.9368627450980392,0.9768627450980393]
[-0.02,0.02]
[-0.02,0.02]
[-0.02,0.02]
[-0.02,0.02]
[-0.02,0.02]
[-0.02,0.02]
[-0.02,0.02]
[-0.02,0.02]
[-0.02,0.02]
[-0.02,0.02]
[-0.02,0.02]
[-0.02,0.02]
[-0.02,0.02]
[-0.02,0.02]
[-0.02,0.02]
[-0.02,0.02]
[-0.02,0.02]
[-0.02,0.02]
[-0.02,0.02]
[-0.02,0.02]
[-0.02,0.02]
[-0.02,0.02]
[-0.02,0.02]
[-0.02,0.02]
[-0.02,0.02]
[0.8898039215686274,0.9298039215686275]
[0.9054901960784314,0.9454901960784314]
[0.4152941176470588,0.45529411764705885]
[-0.02,0.02]
[-0.02,0.02]
[-0.02,0.02]
[-0.02,0.02]
[-0.02,0.02]
[-0.02,0.02]
[-0.02,0.02]
[-0.02,0.02]
[-0.02,0.02]
[-0.02,0.02]
[-0.02,0.02]
[-0.02,0.02]
[-0.02,0.02]
[-0.02,0.02]
[-0.02,0.02]
[-0.02,0.02]
[-0.02,0.02]
[-0.02,0.02]
[-0.02,0.02]
[-0.02,0.02]
[-0.02,0.02]
[-0.02,0.02]
[-0.02,0.02]
[-0.02,0.02]
[-0.02,0.02]
[0.6819607843137254,0.7219607843137255]
[0.23882352941176474,0.27882352941176475]
[-0.02,0.02]
[-0.02,0.02]
[-0.02,0.02]
[-0.02,0.02]
[-0.02,0.02]
[-0.02,0.02]
[-0.02,0.02]
[-0.02,0.02]
[-0.02,0.02]
[-0.02,0.02]
[-0.02,0.02]
[-0.02,0.02]
[-0.02,0.02]
[-0.02,0.02]
[-0.02,0.02]
[-0.02,0.02]
[-0.02,0.02]
[-0.02,0.02]
[-0.02,0.02]
[-0.02,0.02]
[-0.02,0.02]
[-0.02,0.02]
[-0.02,0.02]
[-0.02,0.02]
[-0.02,0.02]
[-0.02,0.02]
[-0.02,0.02]
[-0.02,0.02]
[-0.02,0.02]
[-0.02,0.02]
[-0.02,0.02]
[-0.02,0.02]
[-0.02,0.02]
[-0.02,0.02]
[-0.02,0.02]
[-0.02,0.02]
[-0.02,0.02]
[-0.02,0.02]
[-0.02,0.02]
[-0.02,0.02]
[-0.02,0.02]
[-0.02,0.02]
[-0.02,0.02]
[-0.02,0.02]
[-0.02,0.02]
[-0.02,0.02]
[-0.02,0.02]
[-0.02,0.02]
[-0.02,0.02]
[-0.02,0.02]
[-0.02,0.02]
[-0.02,0.02]
[-0.02,0.02]
[-0.02,0.02]
[-0.02,0.02]
[-0.02,0.02]
[-0.02,0.02]
[-0.02,0.02]
[-0.02,0.02]
[-0.02,0.02]
[-0.02,0.02]
[-0.02,0.02]
[-0.02,0.02]
[-0.02,0.02]
[-0.02,0.02]
[-0.02,0.02]
[-0.02,0.02]
[-0.02,0.02]
[-0.02,0.02]
[-0.02,0.02]
[-0.02,0.02]
[-0.02,0.02]
[-0.02,0.02]
[-0.02,0.02]
[-0.02,0.02]
[-0.02,0.02]
[-0.02,0.02]
[-0.02,0.02]
[-0.02,0.02]
[-0.02,0.02]
[-0.02,0.02]
[-0.02,0.02]
[-0.02,0.02]
[-0.02,0.02]
[-0.02,0.02]
[-0.02,0.02]
[-0.02,0.02]
[-0.02,0.02]
[-0.02,0.02]
[-0.02,0.02]
[-0.02,0.02]
[-0.02,0.02]
[-0.02,0.02]
[-0.02,0.02]
