[0.0,0.0]
[0.0,0.0]
[0.0,0.0]
[0.0,0.0]
[0.0,0.0]
[0.0,0.0]
[0.0,0.0]
[0.0,0.0]
[0.0,0.0]
[0.0,0.0]
[0.0,0.0]
[0.0,0.0]
[0.0,0.0]
[0.0,0.0]
[0.0,0.0]
[0.0,0.0]
[0.0,0.0]
[0.0,0.0]
[0.0,0.0]
[0.0,0.0]
[0.0,0.0]
[0.0,0.0]
[0.0,0.0]
[0.0,0.0]
[0.0,0.0]
[0.0,0.0]
[0.0,0.0]
[0.0,0.0]
[0.0,0.0]
[0.0,0.0]
[0.0,0.0]
[0.0,0.0]
[0.0,0.0]
[0.0,0.0]
[0.0,0.0]
[0.0,0.0]
[0.0,0.0]
[0.0,0.0]
[0.0,0.0]
[0.0,0.0]
[0.0,0.0]
[0.0,0.0]
[0.0,0.0]
[0.0,0.0]
[0.0,0.0]
[0.0,0.0]
[0.0,0.0]
[0.0,0.0]
[0.0,0.0]
[0.0,0.0]
[0.0,0.0]
[0.0,0.0]
[0.0,0.0]
[0.0,0.0]
[0.0,0.0]
[0.0,0.0]
[0.0,0.0]
[0.0,0.0]
[0.0,0.0]
[0.0,0.0]
[0.0,0.0]
[0.0,0.0]
[0.0,0.0]
[0.0,0.0]
[0.0,0.0]
[0.0,0.0]
[0.0,0.0]
[0.0,0.0]
[0.0,0.0]
[0.0,0.0]
[0.0,0.0]
[0.0,0.0]
[0.0,0.0]
[0.0,0.0]
[0.0,0.0]
[0.0,0.0]
[0.0,0.0]
[0.0,0.0]
[0.0,0.0]
[0.0,0.0]
[0.0,0.0]
[0.0,0.0]
[0.0,0.0]
[0.0,0.0]
[0.0,0.0]
[0.0,0.0]
[0.0,0.0]
[0.0,0.0]
[0.0,0.0]
[0.0,0.0]
[0.0,0.0]
[0.0,0.0]
[0.0,0.0]
[0.0,0.0]
[0.0,0.0]
[0.21568627450980393,0.21568627450980393]
[0.7529411764705882,0.7529411764705882]
[0.3411764705882353,0.3411764705882353]
[0.043137254901960784,0.043137254901960784]
[0.0,0.0]
[0.0,0.0]
[0.0,0.0]
[0.0,0.0]
[0.0,0.0]
[0.0,0.0]
[0.0,0.0]
[0.0,0.0]
[0.0,0.0]
[0.0,0.0]
[0.0,0.0]
[0.0,0.0]
[0.0,0.0]
[0.0,0.0]
[0.0,0.0]
[0.0,0.0]
[0.0,0.0]
[0.0,0.0]
[0.0,0.0]
[0.0,0.0]
[0.0,0.0]
[0.0,0.0]
[0.0,0.0]
[0.0,0.0]
[0.6627450980392157,0.6627450980392157]
[0.9882352941176471,0.9882352941176471]
[0.9921568627450981,0.9921568627450981]
[0.6666666666666666,0.6666666666666666]
[0.16862745098039217,0.16862745098039217]
[0.0,0.0]
[0.0,0.0]
[0.0,0.0]
[0.0,0.0]
[0.0,0.0]
[0.0,0.0]
[0.0,0.0]
[0.0,0.0]
[0.0,0.0]
[0.0,0.0]
[0.0,0.0]
[0.0,0.0]
[0.0,0.0]
[0.0,0.0]
[0.0,0.0]
[0.0,0.0]
[0.0,0.0]
[0.0,0.0]
[0.0,0.0]
[0.0,0.0]
[0.0,0.0]
[0.0,0.0]
[0.0,0.0]
[0.43529411764705883,0.43529411764705883]
[0.9764705882352941,0.9764705882352941]
[0.9921568627450981,0.9921568627450981]
[0.9882352941176471,0.9882352941176471]
[0.9137254901960784,0.9137254901960784]
[0.396078431372549,0.396078431372549]
[0.01568627450980392,0.01568627450980392]
[0.0,0.0]
[0.0,0.0]
[0.0,0.0]
[0.0,0.0]
[0.0,0.0]
[0.0,0.0]
[0.0,0.0]
[0.0,0.0]
[0.0,0.0]
[0.0,0.0]
[0.0,0.0]
[0.0,0.0]
[0.0,0.0]
[0.0,0.0]
[0.0,0.0]
[0.0,0.0]
[0.0,0.0]
[0.0,0.0]
[0.0,0.0]
[0.0,0.0]
[0.0,0.0]
[0.0,0.0]
[0.45098039215686275,0.45098039215686275]
[0.8901960784313725,0.8901960784313725]
[0.9882352941176471,0.9882352941176471]
[0.9882352941176471,0.9882352941176471]
[0.9882352941176471,0.9882352941176471]
[0.5411764705882353,0.5411764705882353]
[0.10588235294117647,0.10588235294117647]
[0.0,0.0]
[0.0,0.0]
[0.0,0.0]
[0.0,0.0]
[0.0,0.0]
[0.0,0.0]
[0.0,0.0]
[0.0,0.0]
[0.0,0.0]
[0.0,0.0]
[0.0,0.0]
[0.0,0.0]
[0.0,0.0]
[0.0,0.0]
[0.0,0.0]
[0.0,0.0]
[0.0,0.0]
[0.0,0.0]
[0.0,0.0]
[0.0,0.0]
[0.0,0.0]
[0.0,0.0]
[0.3411764705882353,0.3411764705882353]
[0.4392156862745098,0.4392156862745098]
[0.5764705882352941,0.5764705882352941]
[0.9882352941176471,0.9882352941176471]
[0.9882352941176471,0.9882352941176471]
[0.5882352941176471,0.5882352941176471]
[0.0,0.0]
[0.0,0.0]
[0.0,0.0]
[0.0,0.0]
[0.0,0.0]
[0.0,0.0]
[0.0,0.0]
[0.0,0.0]
[0.0,0.0]
[0.0,0.0]
[0.0,0.0]
[0.0,0.0]
[0.0,0.0]
[0.0,0.0]
[0.0,0.0]
[0.0,0.0]
[0.0,0.0]
[0.0,0.0]
[0.0,0.0]
[0.0,0.0]
[0.0,0.0]
[0.0,0.0]
[0.0,0.0]
[0.0,0.0]
[0.03529411764705882,0.03529411764705882]
[0.5176470588235295,0.5176470588235295]
[0.9686274509803922,0.9686274509803922]
[1.0,1.0]
[0.49019607843137253,0.49019607843137253]
[0.0,0.0]
[0.0,0.0]
[0.0,0.0]
[0.0,0.0]
[0.0,0.0]
[0.0,0.0]
[0.0,0.0]
[0.0,0.0]
[0.0,0.0]
[0.0,0.0]
[0.0,0.0]
[0.0,0.0]
[0.0,0.0]
[0.0,0.0]
[0.0,0.0]
[0.0,0.0]
[0.0,0.0]
[0.0,0.0]
[0.0,0.0]
[0.0,0.0]
[0.0,0.0]
[0.0,0.0]
[0.0,0.0]
[0.0,0.0]
[0.0,0.0]
[0.6901960784313725,0.6901960784313725]
[0.9921568627450981,0.9921568627450981]
[0.7686274509803922,0.7686274509803922]
[0.027450980392156862,0.027450980392156862]
[0.0,0.0]
[0.0,0.0]
[0.0,0.0]
[0.0,0.0]
[0.0,0.0]
[0.0,0.0]
[0.0,0.0]
[0.0,0.0]
[0.0,0.0]
[0.0,0.0]
[0.0,0.0]
[0.0,0.0]
[0.0,0.0]
[0.0,0.0]
[0.0,0.0]
[0.0,0.0]
[0.0,0.0]
[0.0,0.0]
[0.0,0.0]
[0.0,0.0]
[0.0,0.0]
[0.0,0.0]
[0.0,0.0]
[0.0,0.0]
[0.03529411764705882,0.03529411764705882]
[0.9921568627450981,0.9921568627450981]
[0.9882352941176471,0.9882352941176471]
[0.08235294117647059,0.08235294117647059]
[0.0,0.0]
[0.0,0.0]
[0.0,0.0]
[0.0,0.0]
[0.0,0.0]
[0.0,0.0]
[0.0,0.0]
[0.0,0.0]
[0.0,0.0]
[0.0,0.0]
[0.0,0.0]
[0.0,0.0]
[0.0,0.0]
[0.0,0.0]
[0.0,0.0]
[0.0,0.0]
[0.0,0.0]
[0.0,0.0]
[0.0,0.0]
[0.0,0.0]
[0.0,0.0]
[0.0,0.0]
[0.0,0.0]
[0.0,0.0]
[0.3843137254901961,0.3843137254901961]
[0.9921568627450981,0.9921568627450981]
[0.9882352941176471,0.9882352941176471]
[0.08235294117647059,0.08235294117647059]
[0.0,0.0]
[0.0,0.0]
[0.0,0.0]
[0.0,0.0]
[0.0,0.0]
[0.0,0.0]
[0.0,0.0]
[0.0,0.0]
[0.0,0.0]
[0.0,0.0]
[0.0,0.0]
[0.0,0.0]
[0.0,0.0]
[0.0,0.0]
[0.0,0.0]
[0.0,0.0]
[0.0,0.0]
[0.0,0.0]
[0.0,0.0]
[0.0,0.0]
[0.0,0.0]
[0.0,0.0]
[0.03529411764705882,0.03529411764705882]
[0.5176470588235295,0.5176470588235295]
[0.9647058823529412,0.9647058823529412]
[0.9921568627450981,0.9921568627450981]
[0.7137254901960784,0.7137254901960784]
[0.01568627450980392,0.01568627450980392]
[0.0,0.0]
[0.0,0.0]
[0.0,0.0]
[0.0,0.0]
[0.0,0.0]
[0.0,0.0]
[0.0,0.0]
[0.0,0.0]
[0.0,0.0]
[0.0,0.0]
[0.0,0.0]
[0.0,0.0]
[0.0,0.0]
[0.0,0.0]
[0.0,0.0]
[0.0,0.0]
[0.5725490196078431,0.5725490196078431]
[0.9921568627450981,0.9921568627450981]
[0.8901960784313725,0.8901960784313725]
[0.5803921568627451,0.5803921568627451]
[0.5137254901960784,0.5137254901960784]
[0.4823529411764706,0.4823529411764706]
[0.788235294117647,0.788235294117647]
[0.9921568627450981,0.9921568627450981]
[0.9921568627450981,0.9921568627450981]
[0.8313725490196079,0.8313725490196079]
[0.10588235294117647,0.10588235294117647]
[0.0,0.0]
[0.0,0.0]
[0.0,0.0]
[0.0,0.0]
[0.0,0.0]
[0.0,0.0]
[0.0,0.0]
[0.0,0.0]
[0.0,0.0]
[0.0,0.0]
[0.0,0.0]
[0.0,0.0]
[0.0,0.0]
[0.0,0.0]
[0.0,0.0]
[0.0,0.0]
[0.0,0.0]
[0.6078431372549019,0.6078431372549019]
[0.9882352941176471,0.9882352941176471]
[0.9882352941176471,0.9882352941176471]
[0.9882352941176471,0.9882352941176471]
[0.9921568627450981,0.9921568627450981]
[0.9882352941176471,0.9882352941176471]
[0.9882352941176471,0.9882352941176471]
[0.9058823529411765,0.9058823529411765]
[0.48627450980392156,0.48627450980392156]
[0.10588235294117647,0.10588235294117647]
[0.0,0.0]
[0.0,0.0]
[0.0,0.0]
[0.0,0.0]
[0.0,0.0]
[0.0,0.0]
[0.0,0.0]
[0.0,0.0]
[0.0,0.0]
[0.0,0.0]
[0.0,0.0]
[0.0,0.0]
[0.0,0.0]
[0.0,0.0]
[0.0,0.0]
[0.0,0.0]
[0.0,0.0]
[0.0,0.0]
[0.027450980392156862,0.027450980392156862]
[0.2901960784313726,0.2901960784313726]
[0.49411764705882355,0.49411764705882355]
[0.8392156862745098,0.8392156862745098]
[0.9254901960784314,0.9254901960784314]
[0.9882352941176471,0.9882352941176471]
[0.9882352941176471,0.9882352941176471]
[0.5686274509803921,0.5686274509803921]
[0.0,0.0]
[0.0,0.0]
[0.0,0.0]
[0.0,0.0]
[0.0,0.0]
[0.0,0.0]
[0.0,0.0]
[0.0,0.0]
[0.0,0.0]
[0.0,0.0]
[0.0,0.0]
[0.0,0.0]
[0.0,0.0]
[0.0,0.0]
[0.0,0.0]
[0.0,0.0]
[0.0,0.0]
[0.0,0.0]
[0.0,0.0]
[0.0,0.0]
[0.0,0.0]
[0.0,0.0]
[0.0,0.0]
[0.0,0.0]
[0.054901960784313725,0.054901960784313725]
[0.5490196078431373,0.5490196078431373]
[0.9882352941176471,0.9882352941176471]
[0.9058823529411765,0.9058823529411765]
[0.10980392156862745,0.10980392156862745]
[0.0,0.0]
[0.0,0.0]
[0.0,0.0]
[0.0,0.0]
[0.0,0.0]
[0.0,0.0]
[0.0,0.0]
[0.0,0.0]
[0.0,0.0]
[0.0,0.0]
[0.0,0.0]
[0.0,0.0]
[0.0,0.0]
[0.0,0.0]
[0.0,0.0]
[0.0,0.0]
[0.0,0.0]
[0.0,0.0]
[0.0,0.0]
[0.0,0.0]
[0.0,0.0]
[0.0,0.0]
[0.0,0.0]
[0.0,0.0]
[0.19607843137254902,0.19607843137254902]
[0.9568627450980393,0.9568627450980393]
[0.9882352941176471,0.9882352941176471]
[0.16470588235294117,0.16470588235294117]
[0.0,0.0]
[0.0,0.0]
[0.0,0.0]
[0.0,0.0]
[0.0,0.0]
[0.0,0.0]
[0.0,0.0]
[0.0,0.0]
[0.0,0.0]
[0.0,0.0]
[0.0,0.0]
[0.0,0.0]
[0.0,0.0]
[0.0,0.0]
[0.0,0.0]
[0.0,0.0]
[0.0,0.0]
[0.48627450980392156,0.48627450980392156]
[0.24313725490196078,0.24313725490196078]
[0.0,0.0]
[0.0,0.0]
[0.0,0.0]
[0.0,0.0]
[0.0,0.0]
[0.19607843137254902,0.19607843137254902]
[0.9607843137254902,0.9607843137254902]
[0.9921568627450981,0.9921568627450981]
[0.16470588235294117,0.16470588235294117]
[0.0,0.0]
[0.0,0.0]
[0.0,0.0]
[0.0,0.0]
[0.0,0.0]
[0.0,0.0]
[0.0,0.0]
[0.0,0.0]
[0.0,0.0]
[0.0,0.0]
[0.0,0.0]
[0.0,0.0]
[0.0,0.0]
[0.0,0.0]
[0.0,0.0]
[0.0,0.0]
[0.32941176470588235,0.32941176470588235]
[0.9490196078431372,0.9490196078431372]
[0.10588235294117647,0.10588235294117647]
[0.0,0.0]
[0.0,0.0]
[0.0,0.0]
[0.1411764705882353,0.1411764705882353]
[0.5725490196078431,0.5725490196078431]
[0.8274509803921568,0.8274509803921568]
[0.9882352941176471,0.9882352941176471]
[0.9882352941176471,0.9882352941176471]
[0.16470588235294117,0.16470588235294117]
[0.0,0.0]
[0.0,0.0]
[0.0,0.0]
[0.0,0.0]
[0.0,0.0]
[0.0,0.0]
[0.0,0.0]
[0.0,0.0]
[0.0,0.0]
[0.0,0.0]
[0.0,0.0]
[0.0,0.0]
[0.0,0.0]
[0.0,0.0]
[0.0,0.0]
[0.00784313725490196,0.00784313725490196]
[0.6901960784313725,0.6901960784313725]
[0.9882352941176471,0.9882352941176471]
[0.08627450980392157,0.08627450980392157]
[0.08627450980392157,0.08627450980392157]
[0.12156862745098039,0.12156862745098039]
[0.4980392156862745,0.4980392156862745]
[0.8745098039215686,0.8745098039215686]
[0.9921568627450981,0.9921568627450981]
[0.9882352941176471,0.9882352941176471]
[0.9490196078431372,0.9490196078431372]
[0.5254901960784314,0.5254901960784314]
[0.01568627450980392,0.01568627450980392]
[0.0,0.0]
[0.0,0.0]
[0.0,0.0]
[0.0,0.0]
[0.0,0.0]
[0.0,0.0]
[0.0,0.0]
[0.0,0.0]
[0.0,0.0]
[0.0,0.0]
[0.0,0.0]
[0.0,0.0]
[0.0,0.0]
[0.0,0.0]
[0.0,0.0]
[0.08627450980392157,0.08627450980392157]
[0.9882352941176471,0.9882352941176471]
[0.9882352941176471,0.9882352941176471]
[0.9921568627450981,0.9921568627450981]
[0.9882352941176471,0.9882352941176471]
[0.9882352941176471,0.9882352941176471]
[0.9882352941176471,0.9882352941176471]
[0.9882352941176471,0.9882352941176471]
[0.7450980392156863,0.7450980392156863]
[0.43137254901960786,0.43137254901960786]
[0.16470588235294117,0.16470588235294117]
[0.0,0.0]
[0.0,0.0]
[0.0,0.0]
[0.0,0.0]
[0.0,0.0]
[0.0,0.0]
[0.0,0.0]
[0.0,0.0]
[0.0,0.0]
[0.0,0.0]
[0.0,0.0]
[0.0,0.0]
[0.0,0.0]
[0.0,0.0]
[0.0,0.0]
[0.0,0.0]
[0.0,0.0]
[0.01568627450980392,0.01568627450980392]
[0.7137254901960784,0.7137254901960784]
[0.9882352941176471,0.9882352941176471]
[0.9921568627450981,0.9921568627450981]
[0.9882352941176471,0.9882352941176471]
[0.6078431372549019,0.6078431372549019]
[0.5764705882352941,0.5764705882352941]
[0.23137254901960785,0.23137254901960785]
[0.0,0.0]
[0.0,0.0]
[0.0,0.0]
[0.0,0.0]
[0.0,0.0]
[0.0,0.0]
[0.0,0.0]
[0.0,0.0]
[0.0,0.0]
[0.0,0.0]
[0.0,0.0]
[0.0,0.0]
[0.0,0.0]
[0.0,0.0]
[0.0,0.0]
[0.0,0.0]
[0.0,0.0]
[0.0,0.0]
[0.0,0.0]
[0.0,0.0]
[0.0,0.0]
[0.0,0.0]
[0.0,0.0]
[0.0,0.0]
[0.0,0.0]
[0.0,0.0]
[0.0,0.0]
[0.0,0.0]
[0.0,0.0]
[0.0,0.0]
[0.0,0.0]
[0.0,0.0]
[0.0,0.0]
[0.0,0.0]
[0.0,0.0]
[0.0,0.0]
[0.0,0.0]
[0.0,0.0]
[0.0,0.0]
[0.0,0.0]
[0.0,0.0]
[0.0,0.0]
[0.0,0.0]
[0.0,0.0]
[0.0,0.0]
[0.0,0.0]
[0.0,0.0]
[0.0,0.0]
[0.0,0.0]
[0.0,0.0]
[0.0,0.0]
[0.0,0.0]
[0.0,0.0]
[0.0,0.0]
[0.0,0.0]
[0.0,0.0]
[0.0,0.0]
[0.0,0.0]
[0.0,0.0]
[0.0,0.0]
[0.0,0.0]
[0.0,0.0]
[0.0,0.0]
[0.0,0.0]
[0.0,0.0]
[0.0,0.0]
[0.0,0.0]
[0.0,0.0]
[0.0,0.0]
[0.0,0.0]
[0.0,0.0]
[0.0,0.0]
[0.0,0.0]
[0.0,0.0]
[0.0,0.0]
[0.0,0.0]
[0.0,0.0]
[0.0,0.0]
[0.0,0.0]
[0.0,0.0]
[0.0,0.0]
[0.0,0.0]
[0.0,0.0]
[0.0,0.0]
[0.0,0.0]
[0.0,0.0]
[0.0,0.0]
[0.0,0.0]
[0.0,0.0]
[0.0,0.0]
[0.0,0.0]
[0.0,0.0]
[0.0,0.0]
[0.0,0.0]
[0.0,0.0]
[0.0,0.0]
[0.0,0.0]
[0.0,0.0]
[0.0,0.0]
[0.0,0.0]
[0.0,0.0]
[0.0,0.0]
[0.0,0.0]
[0.0,0.0]
[0.0,0.0]
[0.0,0.0]
[0.0,0.0]
[0.0,0.0]
[0.0,0.0]
[0.0,0.0]
[0.0,0.0]
[0.0,0.0]
[0.0,0.0]
[0.0,0.0]
[0.0,0.0]
[0.0,0.0]
[0.0,0.0]
[0.0,0.0]
[0.0,0.0]
[0.0,0.0]
[0.0,0.0]
[0.0,0.0]
[0.0,0.0]
[0.0,0.0]
[0.0,0.0]
[0.0,0.0]
[0.0,0.0]
[0.0,0.0]
[0.0,0.0]
[0.0,0.0]
[0.0,0.0]
[0.0,0.0]
[0.0,0.0]
[0.0,0.0]
[0.0,0.0]
[0.0,0.0]
[0.0,0.0]
[0.0,0.0]
[0.0,0.0]
[0.0,0.0]
[0.0,0.0]
[0.0,0.0]
[0.0,0.0]
[0.0,0.0]
[0.0,0.0]
[0.0,0.0]
[0.0,0.0]
[0.0,0.0]
[0.0,0.0]
[0.0,0.0]
[0.0,0.0]
[0.0,0.0]
[0.0,0.0]
[0.0,0.0]
[0.0,0.0]
[0.0,0.04]
[0.0,0.04]
[0.0,0.04]
[0.0,0.04]
[0.0,0.04]
[0.0,0.04]
[0.0,0.04]
[0.0,0.04]
[0.0,0.04]
[0.0,0.04]
[0.0,0.04]
[0.0,0.04]
[0.0,0.04]
[0.0,0.04]
[0.0,0.04]
[0.0,0.04]
[0.0,0.04]
[0.0,0.04]
[0.0,0.04]
[0.0,0.04]
[0.0,0.04]
[0.0,0.04]
[0.0,0.04]
[0.0,0.04]
[0.0,0.04]
[0.0,0.04]
[0.0,0.04]
[0.0,0.04]
[0.0,0.04]
[0.0,0.04]
[0.0,0.04]
[0.0,0.04]
[0.0,0.04]
[0.0,0.04]
[0.0,0.04]
[0.0,0.04]
[0.0,0.04]
[0.0,0.04]
[0.0,0.04]
[0.0,0.04]
[0.0,0.04]
[0.0,0.04]
[0.0,0.04]
[0.0,0.04]
[0.0,0.04]
[0.0,0.04]
[0.0,0.04]
[0.0,0.04]
[0.0,0.04]
[0.0,0.04]
[0.0,0.04]
[0.0,0.04]
[0.0,0.04]
[0.0,0.04]
[0.0,0.04]
[0.0,0.04]
[0.0,0.04]
[0.0,0.04]
[0.0,0.04]
[0.0,0.04]
[0.0,0.04]
[0.0,0.04]
[0.0,0.04]
[0.0,0.04]
[0.0,0.04]
[0.0,0.04]
[0.0,0.04]
[0.0,0.04]
[0.0,0.04]
[0.0,0.04]
[0.0,0.04]
[0.0,0.04]
[0.0,0.04]
[0.0,0.04]
[0.0,0.04]
[0.0,0.04]
[0.0,0.04]
[0.0,0.04]
[0.0,0.04]
[0.0,0.04]
[0.0,0.04]
[0.0,0.04]
[0.0,0.04]
[0.0,0.04]
[0.0,0.04]
[0.0,0.04]
[0.0,0.04]
[0.0,0.04]
[0.0,0.04]
[0.0,0.04]
[0.0,0.04]
[0.0,0.04]
[0.0,0.04]
[0.0,0.04]
[0.0,0.04]
[0.17568627450980392,0.2556862745098039]
[0.7129411764705882,0.7929411764705883]
[0.3011764705882353,0.3811764705882353]
[0.003137254901960783,0.08313725490196078]
[0.0,0.04]
[0.0,0.04]
[0.0,0.04]
[0.0,0.04]
[0.0,0.04]
[0.0,0.04]
[0.0,0.04]
[0.0,0.04]
[0.0,0.04]
[0.0,0.04]
[0.0,0.04]
[0.0,0.04]
[0.0,0.04]
[0.0,0.04]
[0.0,0.04]
[0.0,0.04]
[0.0,0.04]
[0.0,0.04]
[0.0,0.04]
[0.0,0.04]
[0.0,0.04]
[0.0,0.04]
[0.0,0.04]
[0.0,0.04]
[0.6227450980392156,0.7027450980392157]
[0.9482352941176471,1.0]
[0.952156862745098,1.0]
[0.6266666666666666,0.7066666666666667]
[0.12862745098039216,0.20862745098039218]
[0.0,0.04]
[0.0,0.04]
[0.0,0.04]
[0.0,0.04]
[0.0,0.04]
[0.0,0.04]
[0.0,0.04]
[0.0,0.04]
[0.0,0.04]
[0.0,0.04]
[0.0,0.04]
[0.0,0.04]
[0.0,0.04]
[0.0,0.04]
[0.0,0.04]
[0.0,0.04]
[0.0,0.04]
[0.0,0.04]
[0.0,0.04]
[0.0,0.04]
[0.0,0.04]
[0.0,0.04]
[0.0,0.04]
[0.39529411764705885,0.4752941176470588]
[0.936470588235294,1.0]
[0.952156862745098,1.0]
[0.9482352941176471,1.0]
[0.8737254901960784,0.9537254901960784]
[0.356078431372549,0.436078431372549]
[0.0,0.05568627450980392]
[0.0,0.04]
[0.0,0.04]
[0.0,0.04]
[0.0,0.04]
[0.0,0.04]
[0.0,0.04]
[0.0,0.04]
[0.0,0.04]
[0.0,0.04]
[0.0,0.04]
[0.0,0.04]
[0.0,0.04]
[0.0,0.04]
[0.0,0.04]
[0.0,0.04]
[0.0,0.04]
[0.0,0.04]
[0.0,0.04]
[0.0,0.04]
[0.0,0.04]
[0.0,0.04]
[0.0,0.04]
[0.4109803921568628,0.49098039215686273]
[0.8501960784313725,0.9301960784313725]
[0.9482352941176471,1.0]
[0.9482352941176471,1.0]
[0.9482352941176471,1.0]
[0.5011764705882352,0.5811764705882353]
[0.06588235294117648,0.14588235294117646]
[0.0,0.04]
[0.0,0.04]
[0.0,0.04]
[0.0,0.04]
[0.0,0.04]
[0.0,0.04]
[0.0,0.04]
[0.0,0.04]
[0.0,0.04]
[0.0,0.04]
[0.0,0.04]
[0.0,0.04]
[0.0,0.04]
[0.0,0.04]
[0.0,0.04]
[0.0,0.04]
[0.0,0.04]
[0.0,0.04]
[0.0,0.04]
[0.0,0.04]
[0.0,0.04]
[0.0,0.04]
[0.3011764705882353,0.3811764705882353]
[0.3992156862745098,0.4792156862745098]
[0.536470588235294,0.6164705882352941]
[0.9482352941176471,1.0]
[0.9482352941176471,1.0]
[0.548235294117647,0.6282352941176471]
[0.0,0.04]
[0.0,0.04]
[0.0,0.04]
[0.0,0.04]
[0.0,0.04]
[0.0,0.04]
[0.0,0.04]
[0.0,0.04]
[0.0,0.04]
[0.0,0.04]
[0.0,0.04]
[0.0,0.04]
[0.0,0.04]
[0.0,0.04]
[0.0,0.04]
[0.0,0.04]
[0.0,0.04]
[0.0,0.04]
[0.0,0.04]
[0.0,0.04]
[0.0,0.04]
[0.0,0.04]
[0.0,0.04]
[0.0,0.04]
[0.0,0.07529411764705882]
[0.4776470588235295,0.5576470588235295]
[0.9286274509803921,1.0]
[0.96,1.0]
[0.45019607843137255,0.5301960784313725]
[0.0,0.04]
[0.0,0.04]
[0.0,0.04]
[0.0,0.04]
[0.0,0.04]
[0.0,0.04]
[0.0,0.04]
[0.0,0.04]
[0.0,0.04]
[0.0,0.04]
[0.0,0.04]
[0.0,0.04]
[0.0,0.04]
[0.0,0.04]
[0.0,0.04]
[0.0,0.04]
[0.0,0.04]
[0.0,0.04]
[0.0,0.04]
[0.0,0.04]
[0.0,0.04]
[0.0,0.04]
[0.0,0.04]
[0.0,0.04]
[0.0,0.04]
[0.6501960784313725,0.7301960784313726]
[0.952156862745098,1.0]
[0.7286274509803922,0.8086274509803922]
[0.0,0.06745098039215686]
[0.0,0.04]
[0.0,0.04]
[0.0,0.04]
[0.0,0.04]
[0.0,0.04]
[0.0,0.04]
[0.0,0.04]
[0.0,0.04]
[0.0,0.04]
[0.0,0.04]
[0.0,0.04]
[0.0,0.04]
[0.0,0.04]
[0.0,0.04]
[0.0,0.04]
[0.0,0.04]
[0.0,0.04]
[0.0,0.04]
[0.0,0.04]
[0.0,0.04]
[0.0,0.04]
[0.0,0.04]
[0.0,0.04]
[0.0,0.04]
[0.0,0.07529411764705882]
[0.952156862745098,1.0]
[0.9482352941176471,1.0]
[0.042352941176470586,0.12235294117647058]
[0.0,0.04]
[0.0,0.04]
[0.0,0.04]
[0.0,0.04]
[0.0,0.04]
[0.0,0.04]
[0.0,0.04]
[0.0,0.04]
[0.0,0.04]
[0.0,0.04]
[0.0,0.04]
[0.0,0.04]
[0.0,0.04]
[0.0,0.04]
[0.0,0.04]
[0.0,0.04]
[0.0,0.04]
[0.0,0.04]
[0.0,0.04]
[0.0,0.04]
[0.0,0.04]
[0.0,0.04]
[0.0,0.04]
[0.0,0.04]
[0.3443137254901961,0.4243137254901961]
[0.952156862745098,1.0]
[0.9482352941176471,1.0]
[0.042352941176470586,0.12235294117647058]
[0.0,0.04]
[0.0,0.04]
[0.0,0.04]
[0.0,0.04]
[0.0,0.04]
[0.0,0.04]
[0.0,0.04]
[0.0,0.04]
[0.0,0.04]
[0.0,0.04]
[0.0,0.04]
[0.0,0.04]
[0.0,0.04]
[0.0,0.04]
[0.0,0.04]
[0.0,0.04]
[0.0,0.04]
[0.0,0.04]
[0.0,0.04]
[0.0,0.04]
[0.0,0.04]
[0.0,0.04]
[0.0,0.07529411764705882]
[0.4776470588235295,0.5576470588235295]
[0.9247058823529412,1.0]
[0.952156862745098,1.0]
[0.6737254901960784,0.7537254901960785]
[0.0,0.05568627450980392]
[0.0,0.04]
[0.0,0.04]
[0.0,0.04]
[0.0,0.04]
[0.0,0.04]
[0.0,0.04]
[0.0,0.04]
[0.0,0.04]
[0.0,0.04]
[0.0,0.04]
[0.0,0.04]
[0.0,0.04]
[0.0,0.04]
[0.0,0.04]
[0.0,0.04]
[0.0,0.04]
[0.5325490196078431,0.6125490196078431]
[0.952156862745098,1.0]
[0.8501960784313725,0.9301960784313725]
[0.5403921568627451,0.6203921568627452]
[0.4737254901960784,0.5537254901960784]
[0.4423529411764706,0.5223529411764706]
[0.748235294117647,0.8282352941176471]
[0.952156862745098,1.0]
[0.952156862745098,1.0]
[0.7913725490196079,0.8713725490196079]
[0.06588235294117648,0.14588235294117646]
[0.0,0.04]
[0.0,0.04]
[0.0,0.04]
[0.0,0.04]
[0.0,0.04]
[0.0,0.04]
[0.0,0.04]
[0.0,0.04]
[0.0,0.04]
[0.0,0.04]
[0.0,0.04]
[0.0,0.04]
[0.0,0.04]
[0.0,0.04]
[0.0,0.04]
[0.0,0.04]
[0.0,0.04]
[0.5678431372549019,0.647843137254902]
[0.9482352941176471,1.0]
[0.9482352941176471,1.0]
[0.9482352941176471,1.0]
[0.952156862745098,1.0]
[0.9482352941176471,1.0]
[0.9482352941176471,1.0]
[0.8658823529411764,0.9458823529411765]
[0.4462745098039216,0.5262745098039215]
[0.06588235294117648,0.14588235294117646]
[0.0,0.04]
[0.0,0.04]
[0.0,0.04]
[0.0,0.04]
[0.0,0.04]
[0.0,0.04]
[0.0,0.04]
[0.0,0.04]
[0.0,0.04]
[0.0,0.04]
[0.0,0.04]
[0.0,0.04]
[0.0,0.04]
[0.0,0.04]
[0.0,0.04]
[0.0,0.04]
[0.0,0.04]
[0.0,0.04]
[0.0,0.06745098039215686]
[0.2501960784313726,0.33019607843137255]
[0.45411764705882357,0.5341176470588236]
[0.7992156862745098,0.8792156862745099]
[0.8854901960784314,0.9654901960784315]
[0.9482352941176471,1.0]
[0.9482352941176471,1.0]
[0.5286274509803921,0.6086274509803922]
[0.0,0.04]
[0.0,0.04]
[0.0,0.04]
[0.0,0.04]
[0.0,0.04]
[0.0,0.04]
[0.0,0.04]
[0.0,0.04]
[0.0,0.04]
[0.0,0.04]
[0.0,0.04]
[0.0,0.04]
[0.0,0.04]
[0.0,0.04]
[0.0,0.04]
[0.0,0.04]
[0.0,0.04]
[0.0,0.04]
[0.0,0.04]
[0.0,0.04]
[0.0,0.04]
[0.0,0.04]
[0.0,0.04]
[0.0,0.04]
[0.014901960784313724,0.09490196078431373]
[0.5090196078431373,0.5890196078431373]
[0.9482352941176471,1.0]
[0.8658823529411764,0.9458823529411765]
[0.06980392156862744,0.14980392156862746]
[0.0,0.04]
[0.0,0.04]
[0.0,0.04]
[0.0,0.04]
[0.0,0.04]
[0.0,0.04]
[0.0,0.04]
[0.0,0.04]
[0.0,0.04]
[0.0,0.04]
[0.0,0.04]
[0.0,0.04]
[0.0,0.04]
[0.0,0.04]
[0.0,0.04]
[0.0,0.04]
[0.0,0.04]
[0.0,0.04]
[0.0,0.04]
[0.0,0.04]
[0.0,0.04]
[0.0,0.04]
[0.0,0.04]
[0.0,0.04]
[0.156078431372549,0.23607843137254902]
[0.9168627450980392,0.9968627450980393]
[0.9482352941176471,1.0]
[0.12470588235294117,0.20470588235294118]
[0.0,0.04]
[0.0,0.04]
[0.0,0.04]
[0.0,0.04]
[0.0,0.04]
[0.0,0.04]
[0.0,0.04]
[0.0,0.04]
[0.0,0.04]
[0.0,0.04]
[0.0,0.04]
[0.0,0.04]
[0.0,0.04]
[0.0,0.04]
[0.0,0.04]
[0.0,0.04]
[0.0,0.04]
[0.4462745098039216,0.5262745098039215]
[0.20313725490196077,0.2831372549019608]
[0.0,0.04]
[0.0,0.04]
[0.0,0.04]
[0.0,0.04]
[0.0,0.04]
[0.156078431372549,0.23607843137254902]
[0.9207843137254902,1.0]
[0.952156862745098,1.0]
[0.12470588235294117,0.20470588235294118]
[0.0,0.04]
[0.0,0.04]
[0.0,0.04]
[0.0,0.04]
[0.0,0.04]
[0.0,0.04]
[0.0,0.04]
[0.0,0.04]
[0.0,0.04]
[0.0,0.04]
[0.0,0.04]
[0.0,0.04]
[0.0,0.04]
[0.0,0.04]
[0.0,0.04]
[0.0,0.04]
[0.28941176470588237,0.36941176470588233]
[0.9090196078431372,0.9890196078431372]
[0.06588235294117648,0.14588235294117646]
[0.0,0.04]
[0.0,0.04]
[0.0,0.04]
[0.10117647058823528,0.1811764705882353]
[0.5325490196078431,0.6125490196078431]
[0.7874509803921568,0.8674509803921568]
[0.9482352941176471,1.0]
[0.9482352941176471,1.0]
[0.12470588235294117,0.20470588235294118]
[0.0,0.04]
[0.0,0.04]
[0.0,0.04]
[0.0,0.04]
[0.0,0.04]
[0.0,0.04]
[0.0,0.04]
[0.0,0.04]
[0.0,0.04]
[0.0,0.04]
[0.0,0.04]
[0.0,0.04]
[0.0,0.04]
[0.0,0.04]
[0.0,0.04]
[0.0,0.04784313725490196]
[0.6501960784313725,0.7301960784313726]
[0.9482352941176471,1.0]
[0.04627450980392157,0.12627450980392158]
[0.04627450980392157,0.12627450980392158]
[0.0815686274509804,0.16156862745098038]
[0.45803921568627454,0.5380392156862746]
[0.8345098039215686,0.9145098039215687]
[0.952156862745098,1.0]
[0.9482352941176471,1.0]
[0.9090196078431372,0.9890196078431372]
[0.4854901960784314,0.5654901960784314]
[0.0,0.05568627450980392]
[0.0,0.04]
[0.0,0.04]
[0.0,0.04]
[0.0,0.04]
[0.0,0.04]
[0.0,0.04]
[0.0,0.04]
[0.0,0.04]
[0.0,0.04]
[0.0,0.04]
[0.0,0.04]
[0.0,0.04]
[0.0,0.04]
[0.0,0.04]
[0.0,0.04]
[0.04627450980392157,0.12627450980392158]
[0.9482352941176471,1.0]
[0.9482352941176471,1.0]
[0.952156862745098,1.0]
[0.9482352941176471,1.0]
[0.9482352941176471,1.0]
[0.9482352941176471,1.0]
[0.9482352941176471,1.0]
[0.7050980392156863,0.7850980392156863]
[0.3913725490196079,0.47137254901960784]
[0.12470588235294117,0.20470588235294118]
[0.0,0.04]
[0.0,0.04]
[0.0,0.04]
[0.0,0.04]
[0.0,0.04]
[0.0,0.04]
[0.0,0.04]
[0.0,0.04]
[0.0,0.04]
[0.0,0.04]
[0.0,0.04]
[0.0,0.04]
[0.0,0.04]
[0.0,0.04]
[0.0,0.04]
[0.0,0.04]
[0.0,0.04]
[0.0,0.05568627450980392]
[0.6737254901960784,0.7537254901960785]
[0.9482352941176471,1.0]
[0.952156862745098,1.0]
[0.9482352941176471,1.0]
[0.5678431372549019,0.647843137254902]
[0.536470588235294,0.6164705882352941]
[0.19137254901960785,0.27137254901960783]
[0.0,0.04]
[0.0,0.04]
[0.0,0.04]
[0.0,0.04]
[0.0,0.04]
[0.0,0.04]
[0.0,0.04]
[0.0,0.04]
[0.0,0.04]
[0.0,0.04]
[0.0,0.04]
[0.0,0.04]
[0.0,0.04]
[0.0,0.04]
[0.0,0.04]
[0.0,0.04]
[0.0,0.04]
[0.0,0.04]
[0.0,0.04]
[0.0,0.04]
[0.0,0.04]
[0.0,0.04]
[0.0,0.04]
[0.0,0.04]
[0.0,0.04]
[0.0,0.04]
[0.0,0.04]
[0.0,0.04]
[0.0,0.04]
[0.0,0.04]
[0.0,0.04]
[0.0,0.04]
[0.0,0.04]
[0.0,0.04]
[0.0,0.04]
[0.0,0.04]
[0.0,0.04]
[0.0,0.04]
[0.0,0.04]
[0.0,0.04]
[0.0,0.04]
[0.0,0.04]
[0.0,0.04]
[0.0,0.04]
[0.0,0.04]
[0.0,0.04]
[0.0,0.04]
[0.0,0.04]
[0.0,0.04]
[0.0,0.04]
[0.0,0.04]
[0.0,0.04]
[0.0,0.04]
[0.0,0.04]
[0.0,0.04]
[0.0,0.04]
[0.0,0.04]
[0.0,0.04]
[0.0,0.04]
[0.0,0.04]
[0.0,0.04]
[0.0,0.04]
[0.0,0.04]
[0.0,0.04]
[0.0,0.04]
[0.0,0.04]
[0.0,0.04]
[0.0,0.04]
[0.0,0.04]
[0.0,0.04]
[0.0,0.04]
[0.0,0.04]
[0.0,0.04]
[0.0,0.04]
[0.0,0.04]
[0.0,0.04]
[0.0,0.04]
[0.0,0.04]
[0.0,0.04]
[0.0,0.04]
[0.0,0.04]
[0.0,0.04]
[0.0,0.04]
[0.0,0.04]
[0.0,0.04]
[0.0,0.04]
[0.0,0.04]
[0.0,0.04]
[0.0,0.04]
[0.0,0.04]
[0.0,0.04]
[0.0,0.04]
[0.0,0.04]
[0.0,0.04]
[0.0,0.04]
[0.0,0.04]
[0.0,0.04]
[0.0,0.04]
[0.0,0.04]
[0.0,0.04]
[0.0,0.04]
[0.0,0.04]
[0.0,0.04]
[0.0,0.04]
[0.0,0.04]
[0.0,0.04]
[0.0,0.04]
[0.0,0.04]
[0.0,0.04]
[0.0,0.04]
[0.0,0.04]
[0.0,0.04]
[0.0,0.04]
[0.0,0.04]
[0.0,0.04]
[0.0,0.04]
[0.0,0.04]
[0.0,0.04]
[0.0,0.04]
[0.0,0.04]
[0.0,0.04]
[0.0,0.04]
[0.0,0.04]
[0.0,0.04]
[0.0,0.04]
[0.0,0.04]
[0.0,0.04]
[0.0,0.04]
[0.0,0.04]
[0.0,0.04]
[0.0,0.04]
[0.0,0.04]
[0.0,0.04]
[0.0,0.04]
[0.0,0.04]
[0.0,0.04]
[0.0,0.04]
[0.0,0.04]
[0.0,0.04]
[0.0,0.04]
[0.0,0.04]
[0.0,0.04]
[0.0,0.04]
[0.0,0.04]
[0.0,0.04]
[0.0,0.04]
[0.0,0.04]
[0.0,0.04]
[0.0,0.04]
[0.0,0.04]
[0.0,0.04]
[0.0,0.04]
[0.0,0.04]
[0.0,0.04]
[0.0,0.04]
