[0.0,0.0]
[0.0,0.0]
[0.0,0.0]
[0.0,0.0]
[0.0,0.0]
[0.0,0.0]
[0.0,0.0]
[0.0,0.0]
[0.0,0.0]
[0.0,0.0]
[0.0,0.0]
[0.0,0.0]
[0.0,0.0]
[0.0,0.0]
[0.0,0.0]
[0.0,0.0]
[0.0,0.0]
[0.0,0.0]
[0.0,0.0]
[0.0,0.0]
[0.0,0.0]
[0.0,0.0]
[0.0,0.0]
[0.0,0.0]
[0.0,0.0]
[0.0,0.0]
[0.0,0.0]
[0.0,0.0]
[0.0,0.0]
[0.0,0.0]
[0.0,0.0]
[0.0,0.0]
[0.0,0.0]
[0.0,0.0]
[0.0,0.0]
[0.0,0.0]
[0.0,0.0]
[0.0,0.0]
[0.0,0.0]
[0.0,0.0]
[0.0,0.0]
[0.0,0.0]
[0.0,0.0]
[0.0,0.0]
[0.0,0.0]
[0.0,0.0]
[0.0,0.0]
[0.0,0.0]
[0.0,0.0]
[0.0,0.0]
[0.0,0.0]
[0.0,0.0]
[0.0,0.0]
[0.0,0.0]
[0.0,0.0]
[0.0,0.0]
[0.0,0.0]
[0.0,0.0]
[0.0,0.0]
[0.0,0.0]
[0.0,0.0]
[0.0,0.0]
[0.0,0.0]
[0.0,0.0]
[0.0,0.0]
[0.0,0.0]
[0.0,0.0]
[0.0,0.0]
[0.0,0.0]
[0.0,0.0]
[0.0,0.0]
[0.0,0.0]
[0.0,0.0]
[0.0,0.0]
[0.0,0.0]
[0.0,0.0]
[0.0,0.0]
[0.0,0.0]
[0.0,0.0]
[0.0,0.0]
[0.0,0.0]
[0.0,0.0]
[0.0,0.0]
[0.0,0.0]
[0.0,0.0]
[0.0,0.0]
[0.0,0.0]
[0.0,0.0]
[0.0,0.0]
[0.0,0.0]
[0.0,0.0]
[0.0,0.0]
[0.0,0.0]
[0.0,0.0]
[0.0,0.0]
[0.0,0.0]
[0.0,0.0]
[0.0,0.0]
[0.0,0.0]
[0.0,0.0]
[0.0,0.0]
[0.0,0.0]
[0.0,0.0]
[0.0,0.0]
[0.0,0.0]
[0.0,0.0]
[0.0,0.0]
[0.0,0.0]
[0.0,0.0]
[0.0,0.0]
[0.0,0.0]
[0.0,0.0]
[0.0,0.0]
[0.0,0.0]
[0.0,0.0]
[0.0,0.0]
[0.0,0.0]
[0.0,0.0]
[0.0,0.0]
[0.0,0.0]
[0.0,0.0]
[0.0,0.0]
[0.0,0.0]
[0.0,0.0]
[0.0,0.0]
[0.0,0.0]
[0.0,0.0]
[0.0,0.0]
[0.0,0.0]
[0.0,0.0]
[0.0,0.0]
[0.0,0.0]
[0.0,0.0]
[0.0,0.0]
[0.0,0.0]
[0.0,0.0]
[0.0,0.0]
[0.0,0.0]
[0.0,0.0]
[0.0,0.0]
[0.0,0.0]
[0.0,0.0]
[0.0,0.0]
[0.0,0.0]
[0.0,0.0]
[0.0,0.0]
[0.0,0.0]
[0.0,0.0]
[0.0,0.0]
[0.0,0.0]
[0.0,0.0]
[0.0,0.0]
[0.09019607843137255,0.09019607843137255]
[0.8588235294117647,0.8588235294117647]
[1.0,1.0]
[0.4117647058823529,0.4117647058823529]
[0.0,0.0]
[0.0,0.0]
[0.0,0.0]
[0.0,0.0]
[0.0,0.0]
[0.0,0.0]
[0.0,0.0]
[0.0,0.0]
[0.0,0.0]
[0.0,0.0]
[0.0,0.0]
[0.0,0.0]
[0.0,0.0]
[0.0,0.0]
[0.0,0.0]
[0.0,0.0]
[0.0,0.0]
[0.0,0.0]
[0.0,0.0]
[0.0,0.0]
[0.0,0.0]
[0.0,0.0]
[0.0,0.0]
[0.0,0.0]
[0.16470588235294117,0.16470588235294117]
[0.9921568627450981,0.9921568627450981]
[0.9921568627450981,0.9921568627450981]
[0.6196078431372549,0.6196078431372549]
[0.0,0.0]
[0.0,0.0]
[0.0,0.0]
[0.0,0.0]
[0.0,0.0]
[0.0,0.0]
[0.0,0.0]
[0.0,0.0]
[0.0,0.0]
[0.0,0.0]
[0.0,0.0]
[0.0,0.0]
[0.0,0.0]
[0.0,0.0]
[0.0,0.0]
[0.0,0.0]
[0.0,0.0]
[0.0,0.0]
[0.0,0.0]
[0.0,0.0]
[0.0,0.0]
[0.0,0.0]
[0.0,0.0]
[0.0,0.0]
[0.2627450980392157,0.2627450980392157]
[0.9921568627450981,0.9921568627450981]
[0.9921568627450981,0.9921568627450981]
[0.6196078431372549,0.6196078431372549]
[0.0,0.0]
[0.0,0.0]
[0.0,0.0]
[0.0,0.0]
[0.0,0.0]
[0.0,0.0]
[0.0,0.0]
[0.0,0.0]
[0.0,0.0]
[0.0,0.0]
[0.0,0.0]
[0.0,0.0]
[0.0,0.0]
[0.0,0.0]
[0.0,0.0]
[0.0,0.0]
[0.0,0.0]
[0.0,0.0]
[0.0,0.0]
[0.0,0.0]
[0.0,0.0]
[0.0,0.0]
[0.0,0.0]
[0.0,0.0]
[0.6274509803921569,0.6274509803921569]
[0.9921568627450981,0.9921568627450981]
[0.9921568627450981,0.9921568627450981]
[0.6196078431372549,0.6196078431372549]
[0.0,0.0]
[0.0,0.0]
[0.0,0.0]
[0.0,0.0]
[0.0,0.0]
[0.0,0.0]
[0.0,0.0]
[0.0,0.0]
[0.0,0.0]
[0.0,0.0]
[0.0,0.0]
[0.0,0.0]
[0.0,0.0]
[0.0,0.0]
[0.0,0.0]
[0.0,0.0]
[0.0,0.0]
[0.0,0.0]
[0.0,0.0]
[0.0,0.0]
[0.0,0.0]
[0.0,0.0]
[0.0,0.0]
[0.0,0.0]
[0.6274509803921569,0.6274509803921569]
[0.9921568627450981,0.9921568627450981]
[0.9921568627450981,0.9921568627450981]
[0.6196078431372549,0.6196078431372549]
[0.0,0.0]
[0.0,0.0]
[0.0,0.0]
[0.0,0.0]
[0.0,0.0]
[0.0,0.0]
[0.0,0.0]
[0.0,0.0]
[0.0,0.0]
[0.0,0.0]
[0.0,0.0]
[0.0,0.0]
[0.0,0.0]
[0.0,0.0]
[0.0,0.0]
[0.0,0.0]
[0.0,0.0]
[0.0,0.0]
[0.0,0.0]
[0.0,0.0]
[0.0,0.0]
[0.0,0.0]
[0.0,0.0]
[0.0,0.0]
[0.6274509803921569,0.6274509803921569]
[0.9921568627450981,0.9921568627450981]
[0.9921568627450981,0.9921568627450981]
[0.6196078431372549,0.6196078431372549]
[0.0,0.0]
[0.0,0.0]
[0.0,0.0]
[0.0,0.0]
[0.0,0.0]
[0.0,0.0]
[0.0,0.0]
[0.0,0.0]
[0.0,0.0]
[0.0,0.0]
[0.0,0.0]
[0.0,0.0]
[0.0,0.0]
[0.0,0.0]
[0.0,0.0]
[0.0,0.0]
[0.0,0.0]
[0.0,0.0]
[0.0,0.0]
[0.0,0.0]
[0.0,0.0]
[0.0,0.0]
[0.0,0.0]
[0.0,0.0]
[0.6274509803921569,0.6274509803921569]
[0.9921568627450981,0.9921568627450981]
[0.9921568627450981,0.9921568627450981]
[0.6196078431372549,0.6196078431372549]
[0.0,0.0]
[0.0,0.0]
[0.0,0.0]
[0.0,0.0]
[0.0,0.0]
[0.0,0.0]
[0.0,0.0]
[0.0,0.0]
[0.0,0.0]
[0.0,0.0]
[0.0,0.0]
[0.0,0.0]
[0.0,0.0]
[0.0,0.0]
[0.0,0.0]
[0.0,0.0]
[0.0,0.0]
[0.0,0.0]
[0.0,0.0]
[0.0,0.0]
[0.0,0.0]
[0.0,0.0]
[0.0,0.0]
[0.0,0.0]
[0.6274509803921569,0.6274509803921569]
[0.9921568627450981,0.9921568627450981]
[0.9921568627450981,0.9921568627450981]
[0.6196078431372549,0.6196078431372549]
[0.0,0.0]
[0.0,0.0]
[0.0,0.0]
[0.0,0.0]
[0.0,0.0]
[0.0,0.0]
[0.0,0.0]
[0.0,0.0]
[0.0,0.0]
[0.0,0.0]
[0.0,0.0]
[0.0,0.0]
[0.0,0.0]
[0.0,0.0]
[0.0,0.0]
[0.0,0.0]
[0.0,0.0]
[0.0,0.0]
[0.0,0.0]
[0.0,0.0]
[0.0,0.0]
[0.0,0.0]
[0.0,0.0]
[0.0,0.0]
[0.33725490196078434,0.33725490196078434]
[0.9921568627450981,0.9921568627450981]
[0.9921568627450981,0.9921568627450981]
[0.8549019607843137,0.8549019607843137]
[0.058823529411764705,0.058823529411764705]
[0.0,0.0]
[0.0,0.0]
[0.0,0.0]
[0.0,0.0]
[0.0,0.0]
[0.0,0.0]
[0.0,0.0]
[0.0,0.0]
[0.0,0.0]
[0.0,0.0]
[0.0,0.0]
[0.0,0.0]
[0.0,0.0]
[0.0,0.0]
[0.0,0.0]
[0.0,0.0]
[0.0,0.0]
[0.0,0.0]
[0.0,0.0]
[0.0,0.0]
[0.0,0.0]
[0.0,0.0]
[0.0,0.0]
[0.16470588235294117,0.16470588235294117]
[0.9921568627450981,0.9921568627450981]
[0.9921568627450981,0.9921568627450981]
[0.9921568627450981,0.9921568627450981]
[0.09019607843137255,0.09019607843137255]
[0.0,0.0]
[0.0,0.0]
[0.0,0.0]
[0.0,0.0]
[0.0,0.0]
[0.0,0.0]
[0.0,0.0]
[0.0,0.0]
[0.0,0.0]
[0.0,0.0]
[0.0,0.0]
[0.0,0.0]
[0.0,0.0]
[0.0,0.0]
[0.0,0.0]
[0.0,0.0]
[0.0,0.0]
[0.0,0.0]
[0.0,0.0]
[0.0,0.0]
[0.0,0.0]
[0.0,0.0]
[0.0,0.0]
[0.16470588235294117,0.16470588235294117]
[0.9921568627450981,0.9921568627450981]
[0.9921568627450981,0.9921568627450981]
[0.9921568627450981,0.9921568627450981]
[0.09019607843137255,0.09019607843137255]
[0.0,0.0]
[0.0,0.0]
[0.0,0.0]
[0.0,0.0]
[0.0,0.0]
[0.0,0.0]
[0.0,0.0]
[0.0,0.0]
[0.0,0.0]
[0.0,0.0]
[0.0,0.0]
[0.0,0.0]
[0.0,0.0]
[0.0,0.0]
[0.0,0.0]
[0.0,0.0]
[0.0,0.0]
[0.0,0.0]
[0.0,0.0]
[0.0,0.0]
[0.0,0.0]
[0.0,0.0]
[0.0,0.0]
[0.16470588235294117,0.16470588235294117]
[0.9921568627450981,0.9921568627450981]
[0.9921568627450981,0.9921568627450981]
[0.9921568627450981,0.9921568627450981]
[0.09019607843137255,0.09019607843137255]
[0.0,0.0]
[0.0,0.0]
[0.0,0.0]
[0.0,0.0]
[0.0,0.0]
[0.0,0.0]
[0.0,0.0]
[0.0,0.0]
[0.0,0.0]
[0.0,0.0]
[0.0,0.0]
[0.0,0.0]
[0.0,0.0]
[0.0,0.0]
[0.0,0.0]
[0.0,0.0]
[0.0,0.0]
[0.0,0.0]
[0.0,0.0]
[0.0,0.0]
[0.0,0.0]
[0.0,0.0]
[0.0,0.0]
[0.16470588235294117,0.16470588235294117]
[0.9921568627450981,0.9921568627450981]
[0.9921568627450981,0.9921568627450981]
[0.9921568627450981,0.9921568627450981]
[0.09019607843137255,0.09019607843137255]
[0.0,0.0]
[0.0,0.0]
[0.0,0.0]
[0.0,0.0]
[0.0,0.0]
[0.0,0.0]
[0.0,0.0]
[0.0,0.0]
[0.0,0.0]
[0.0,0.0]
[0.0,0.0]
[0.0,0.0]
[0.0,0.0]
[0.0,0.0]
[0.0,0.0]
[0.0,0.0]
[0.0,0.0]
[0.0,0.0]
[0.0,0.0]
[0.0,0.0]
[0.0,0.0]
[0.0,0.0]
[0.0,0.0]
[0.16470588235294117,0.16470588235294117]
[0.9921568627450981,0.9921568627450981]
[0.9921568627450981,0.9921568627450981]
[0.803921568627451,0.803921568627451]
[0.043137254901960784,0.043137254901960784]
[0.0,0.0]
[0.0,0.0]
[0.0,0.0]
[0.0,0.0]
[0.0,0.0]
[0.0,0.0]
[0.0,0.0]
[0.0,0.0]
[0.0,0.0]
[0.0,0.0]
[0.0,0.0]
[0.0,0.0]
[0.0,0.0]
[0.0,0.0]
[0.0,0.0]
[0.0,0.0]
[0.0,0.0]
[0.0,0.0]
[0.0,0.0]
[0.0,0.0]
[0.0,0.0]
[0.0,0.0]
[0.0,0.0]
[0.16470588235294117,0.16470588235294117]
[0.9921568627450981,0.9921568627450981]
[0.9921568627450981,0.9921568627450981]
[0.6196078431372549,0.6196078431372549]
[0.0,0.0]
[0.0,0.0]
[0.0,0.0]
[0.0,0.0]
[0.0,0.0]
[0.0,0.0]
[0.0,0.0]
[0.0,0.0]
[0.0,0.0]
[0.0,0.0]
[0.0,0.0]
[0.0,0.0]
[0.0,0.0]
[0.0,0.0]
[0.0,0.0]
[0.0,0.0]
[0.0,0.0]
[0.0,0.0]
[0.0,0.0]
[0.0,0.0]
[0.0,0.0]
[0.0,0.0]
[0.0,0.0]
[0.0,0.0]
[0.25098039215686274,0.25098039215686274]
[0.9921568627450981,0.9921568627450981]
[0.9921568627450981,0.9921568627450981]
[0.6196078431372549,0.6196078431372549]
[0.0,0.0]
[0.0,0.0]
[0.0,0.0]
[0.0,0.0]
[0.0,0.0]
[0.0,0.0]
[0.0,0.0]
[0.0,0.0]
[0.0,0.0]
[0.0,0.0]
[0.0,0.0]
[0.0,0.0]
[0.0,0.0]
[0.0,0.0]
[0.0,0.0]
[0.0,0.0]
[0.0,0.0]
[0.0,0.0]
[0.0,0.0]
[0.0,0.0]
[0.0,0.0]
[0.0,0.0]
[0.0,0.0]
[0.047058823529411764,0.047058823529411764]
[0.796078431372549,0.796078431372549]
[0.9921568627450981,0.9921568627450981]
[0.9921568627450981,0.9921568627450981]
[0.2901960784313726,0.2901960784313726]
[0.0,0.0]
[0.0,0.0]
[0.0,0.0]
[0.0,0.0]
[0.0,0.0]
[0.0,0.0]
[0.0,0.0]
[0.0,0.0]
[0.0,0.0]
[0.0,0.0]
[0.0,0.0]
[0.0,0.0]
[0.0,0.0]
[0.0,0.0]
[0.0,0.0]
[0.0,0.0]
[0.0,0.0]
[0.0,0.0]
[0.0,0.0]
[0.0,0.0]
[0.0,0.0]
[0.0,0.0]
[0.0,0.0]
[0.0,0.0]
[0.6274509803921569,0.6274509803921569]
[0.9921568627450981,0.9921568627450981]
[0.7529411764705882,0.7529411764705882]
[0.03529411764705882,0.03529411764705882]
[0.0,0.0]
[0.0,0.0]
[0.0,0.0]
[0.0,0.0]
[0.0,0.0]
[0.0,0.0]
[0.0,0.0]
[0.0,0.0]
[0.0,0.0]
[0.0,0.0]
[0.0,0.0]
[0.0,0.0]
[0.0,0.0]
[0.0,0.0]
[0.0,0.0]
[0.0,0.0]
[0.0,0.0]
[0.0,0.0]
[0.0,0.0]
[0.0,0.0]
[0.0,0.0]
[0.0,0.0]
[0.0,0.0]
[0.08235294117647059,0.08235294117647059]
[0.9450980392156862,0.9450980392156862]
[0.9921568627450981,0.9921568627450981]
[0.6901960784313725,0.6901960784313725]
[0.0,0.0]
[0.0,0.0]
[0.0,0.0]
[0.0,0.0]
[0.0,0.0]
[0.0,0.0]
[0.0,0.0]
[0.0,0.0]
[0.0,0.0]
[0.0,0.0]
[0.0,0.0]
[0.0,0.0]
[0.0,0.0]
[0.0,0.0]
[0.0,0.0]
[0.0,0.0]
[0.0,0.0]
[0.0,0.0]
[0.0,0.0]
[0.0,0.0]
[0.0,0.0]
[0.0,0.0]
[0.0,0.0]
[0.0,0.0]
[0.00784313725490196,0.00784313725490196]
[0.43529411764705883,0.43529411764705883]
[0.6666666666666666,0.6666666666666666]
[0.5843137254901961,0.5843137254901961]
[0.0,0.0]
[0.0,0.0]
[0.0,0.0]
[0.0,0.0]
[0.0,0.0]
[0.0,0.0]
[0.0,0.0]
[0.0,0.0]
[0.0,0.0]
[0.0,0.0]
[0.0,0.0]
[0.0,0.0]
[0.0,0.0]
[0.0,0.0]
[0.0,0.0]
[0.0,0.0]
[0.0,0.0]
[0.0,0.0]
[0.0,0.0]
[0.0,0.0]
[0.0,0.0]
[0.0,0.0]
[0.0,0.0]
[0.0,0.0]
[0.0,0.0]
[0.0,0.0]
[0.0,0.0]
[0.0,0.0]
[0.0,0.0]
[0.0,0.0]
[0.0,0.0]
[0.0,0.0]
[0.0,0.0]
[0.0,0.0]
[0.0,0.0]
[0.0,0.0]
[0.0,0.0]
[0.0,0.0]
[0.0,0.0]
[0.0,0.0]
[0.0,0.0]
[0.0,0.0]
[0.0,0.0]
[0.0,0.0]
[0.0,0.0]
[0.0,0.0]
[0.0,0.0]
[0.0,0.0]
[0.0,0.0]
[0.0,0.0]
[0.0,0.0]
[0.0,0.0]
[0.0,0.0]
[0.0,0.0]
[0.0,0.0]
[0.0,0.0]
[0.0,0.0]
[0.0,0.0]
[0.0,0.0]
[0.0,0.0]
[0.0,0.0]
[0.0,0.0]
[0.0,0.0]
[0.0,0.0]
[0.0,0.0]
[0.0,0.0]
[0.0,0.0]
[0.0,0.0]
[0.0,0.0]
[0.0,0.0]
[0.0,0.0]
[0.0,0.0]
[0.0,0.0]
[0.0,0.0]
[0.0,0.0]
[0.0,0.0]
[0.0,0.0]
[0.0,0.0]
[0.0,0.0]
[0.0,0.0]
[0.0,0.0]
[0.0,0.0]
[0.0,0.0]
[0.0,0.0]
[0.0,0.0]
[0.0,0.0]
[0.0,0.0]
[0.0,0.0]
[0.0,0.0]
[0.0,0.0]
[0.0,0.0]
[0.0,0.0]
[0.0,0.0]
[0.0,0.0]
[0.0,0.0]
[0.0,0.0]
[0.0,0.0]
[0.0,0.04]
[0.0,0.04]
[0.0,0.04]
[0.0,0.04]
[0.0,0.04]
[0.0,0.04]
[0.0,0.04]
[0.0,0.04]
[0.0,0.04]
[0.0,0.04]
[0.0,0.04]
[0.0,0.04]
[0.0,0.04]
[0.0,0.04]
[0.0,0.04]
[0.0,0.04]
[0.0,0.04]
[0.0,0.04]
[0.0,0.04]
[0.0,0.04]
[0.0,0.04]
[0.0,0.04]
[0.0,0.04]
[0.0,0.04]
[0.0,0.04]
[0.0,0.04]
[0.0,0.04]
[0.0,0.04]
[0.0,0.04]
[0.0,0.04]
[0.0,0.04]
[0.0,0.04]
[0.0,0.04]
[0.0,0.04]
[0.0,0.04]
[0.0,0.04]
[0.0,0.04]
[0.0,0.04]
[0.0,0.04]
[0.0,0.04]
[0.0,0.04]
[0.0,0.04]
[0.0,0.04]
[0.0,0.04]
[0.0,0.04]
[0.0,0.04]
[0.0,0.04]
[0.0,0.04]
[0.0,0.04]
[0.0,0.04]
[0.0,0.04]
[0.0,0.04]
[0.0,0.04]
[0.0,0.04]
[0.0,0.04]
[0.0,0.04]
[0.0,0.04]
[0.0,0.04]
[0.0,0.04]
[0.0,0.04]
[0.0,0.04]
[0.0,0.04]
[0.0,0.04]
[0.0,0.04]
[0.0,0.04]
[0.0,0.04]
[0.0,0.04]
[0.0,0.04]
[0.0,0.04]
[0.0,0.04]
[0.0,0.04]
[0.0,0.04]
[0.0,0.04]
[0.0,0.04]
[0.0,0.04]
[0.0,0.04]
[0.0,0.04]
[0.0,0.04]
[0.0,0.04]
[0.0,0.04]
[0.0,0.04]
[0.0,0.04]
[0.0,0.04]
[0.0,0.04]
[0.0,0.04]
[0.0,0.04]
[0.0,0.04]
[0.0,0.04]
[0.0,0.04]
[0.0,0.04]
[0.0,0.04]
[0.0,0.04]
[0.0,0.04]
[0.0,0.04]
[0.0,0.04]
[0.0,0.04]
[0.0,0.04]
[0.0,0.04]
[0.0,0.04]
[0.0,0.04]
[0.0,0.04]
[0.0,0.04]
[0.0,0.04]
[0.0,0.04]
[0.0,0.04]
[0.0,0.04]
[0.0,0.04]
[0.0,0.04]
[0.0,0.04]
[0.0,0.04]
[0.0,0.04]
[0.0,0.04]
[0.0,0.04]
[0.0,0.04]
[0.0,0.04]
[0.0,0.04]
[0.0,0.04]
[0.0,0.04]
[0.0,0.04]
[0.0,0.04]
[0.0,0.04]
[0.0,0.04]
[0.0,0.04]
[0.0,0.04]
[0.0,0.04]
[0.0,0.04]
[0.0,0.04]
[0.0,0.04]
[0.0,0.04]
[0.0,0.04]
[0.0,0.04]
[0.0,0.04]
[0.0,0.04]
[0.0,0.04]
[0.0,0.04]
[0.0,0.04]
[0.0,0.04]
[0.0,0.04]
[0.0,0.04]
[0.0,0.04]
[0.0,0.04]
[0.0,0.04]
[0.0,0.04]
[0.0,0.04]
[0.0,0.04]
[0.0,0.04]
[0.0,0.04]
[0.0,0.04]
[0.0,0.04]
[0.0,0.04]
[0.0,0.04]
[0.0,0.04]
[0.05019607843137255,0.13019607843137254]
[0.8188235294117646,0.8988235294117647]
[0.96,1.0]
[0.37176470588235294,0.4517647058823529]
[0.0,0.04]
[0.0,0.04]
[0.0,0.04]
[0.0,0.04]
[0.0,0.04]
[0.0,0.04]
[0.0,0.04]
[0.0,0.04]
[0.0,0.04]
[0.0,0.04]
[0.0,0.04]
[0.0,0.04]
[0.0,0.04]
[0.0,0.04]
[0.0,0.04]
[0.0,0.04]
[0.0,0.04]
[0.0,0.04]
[0.0,0.04]
[0.0,0.04]
[0.0,0.04]
[0.0,0.04]
[0.0,0.04]
[0.0,0.04]
[0.12470588235294117,0.20470588235294118]
[0.952156862745098,1.0]
[0.952156862745098,1.0]
[0.5796078431372549,0.659607843137255]
[0.0,0.04]
[0.0,0.04]
[0.0,0.04]
[0.0,0.04]
[0.0,0.04]
[0.0,0.04]
[0.0,0.04]
[0.0,0.04]
[0.0,0.04]
[0.0,0.04]
[0.0,0.04]
[0.0,0.04]
[0.0,0.04]
[0.0,0.04]
[0.0,0.04]
[0.0,0.04]
[0.0,0.04]
[0.0,0.04]
[0.0,0.04]
[0.0,0.04]
[0.0,0.04]
[0.0,0.04]
[0.0,0.04]
[0.0,0.04]
[0.2227450980392157,0.3027450980392157]
[0.952156862745098,1.0]
[0.952156862745098,1.0]
[0.5796078431372549,0.659607843137255]
[0.0,0.04]
[0.0,0.04]
[0.0,0.04]
[0.0,0.04]
[0.0,0.04]
[0.0,0.04]
[0.0,0.04]
[0.0,0.04]
[0.0,0.04]
[0.0,0.04]
[0.0,0.04]
[0.0,0.04]
[0.0,0.04]
[0.0,0.04]
[0.0,0.04]
[0.0,0.04]
[0.0,0.04]
[0.0,0.04]
[0.0,0.04]
[0.0,0.04]
[0.0,0.04]
[0.0,0.04]
[0.0,0.04]
[0.0,0.04]
[0.5874509803921568,0.6674509803921569]
[0.952156862745098,1.0]
[0.952156862745098,1.0]
[0.5796078431372549,0.659607843137255]
[0.0,0.04]
[0.0,0.04]
[0.0,0.04]
[0.0,0.04]
[0.0,0.04]
[0.0,0.04]
[0.0,0.04]
[0.0,0.04]
[0.0,0.04]
[0.0,0.04]
[0.0,0.04]
[0.0,0.04]
[0.0,0.04]
[0.0,0.04]
[0.0,0.04]
[0.0,0.04]
[0.0,0.04]
[0.0,0.04]
[0.0,0.04]
[0.0,0.04]
[0.0,0.04]
[0.0,0.04]
[0.0,0.04]
[0.0,0.04]
[0.5874509803921568,0.6674509803921569]
[0.952156862745098,1.0]
[0.952156862745098,1.0]
[0.5796078431372549,0.659607843137255]
[0.0,0.04]
[0.0,0.04]
[0.0,0.04]
[0.0,0.04]
[0.0,0.04]
[0.0,0.04]
[0.0,0.04]
[0.0,0.04]
[0.0,0.04]
[0.0,0.04]
[0.0,0.04]
[0.0,0.04]
[0.0,0.04]
[0.0,0.04]
[0.0,0.04]
[0.0,0.04]
[0.0,0.04]
[0.0,0.04]
[0.0,0.04]
[0.0,0.04]
[0.0,0.04]
[0.0,0.04]
[0.0,0.04]
[0.0,0.04]
[0.5874509803921568,0.6674509803921569]
[0.952156862745098,1.0]
[0.952156862745098,1.0]
[0.5796078431372549,0.659607843137255]
[0.0,0.04]
[0.0,0.04]
[0.0,0.04]
[0.0,0.04]
[0.0,0.04]
[0.0,0.04]
[0.0,0.04]
[0.0,0.04]
[0.0,0.04]
[0.0,0.04]
[0.0,0.04]
[0.0,0.04]
[0.0,0.04]
[0.0,0.04]
[0.0,0.04]
[0.0,0.04]
[0.0,0.04]
[0.0,0.04]
[0.0,0.04]
[0.0,0.04]
[0.0,0.04]
[0.0,0.04]
[0.0,0.04]
[0.0,0.04]
[0.5874509803921568,0.6674509803921569]
[0.952156862745098,1.0]
[0.952156862745098,1.0]
[0.5796078431372549,0.659607843137255]
[0.0,0.04]
[0.0,0.04]
[0.0,0.04]
[0.0,0.04]
[0.0,0.04]
[0.0,0.04]
[0.0,0.04]
[0.0,0.04]
[0.0,0.04]
[0.0,0.04]
[0.0,0.04]
[0.0,0.04]
[0.0,0.04]
[0.0,0.04]
[0.0,0.04]
[0.0,0.04]
[0.0,0.04]
[0.0,0.04]
[0.0,0.04]
[0.0,0.04]
[0.0,0.04]
[0.0,0.04]
[0.0,0.04]
[0.0,0.04]
[0.5874509803921568,0.6674509803921569]
[0.952156862745098,1.0]
[0.952156862745098,1.0]
[0.5796078431372549,0.659607843137255]
[0.0,0.04]
[0.0,0.04]
[0.0,0.04]
[0.0,0.04]
[0.0,0.04]
[0.0,0.04]
[0.0,0.04]
[0.0,0.04]
[0.0,0.04]
[0.0,0.04]
[0.0,0.04]
[0.0,0.04]
[0.0,0.04]
[0.0,0.04]
[0.0,0.04]
[0.0,0.04]
[0.0,0.04]
[0.0,0.04]
[0.0,0.04]
[0.0,0.04]
[0.0,0.04]
[0.0,0.04]
[0.0,0.04]
[0.0,0.04]
[0.29725490196078436,0.3772549019607843]
[0.952156862745098,1.0]
[0.952156862745098,1.0]
[0.8149019607843137,0.8949019607843137]
[0.018823529411764704,0.0988235294117647]
[0.0,0.04]
[0.0,0.04]
[0.0,0.04]
[0.0,0.04]
[0.0,0.04]
[0.0,0.04]
[0.0,0.04]
[0.0,0.04]
[0.0,0.04]
[0.0,0.04]
[0.0,0.04]
[0.0,0.04]
[0.0,0.04]
[0.0,0.04]
[0.0,0.04]
[0.0,0.04]
[0.0,0.04]
[0.0,0.04]
[0.0,0.04]
[0.0,0.04]
[0.0,0.04]
[0.0,0.04]
[0.0,0.04]
[0.12470588235294117,0.20470588235294118]
[0.952156862745098,1.0]
[0.952156862745098,1.0]
[0.952156862745098,1.0]
[0.05019607843137255,0.13019607843137254]
[0.0,0.04]
[0.0,0.04]
[0.0,0.04]
[0.0,0.04]
[0.0,0.04]
[0.0,0.04]
[0.0,0.04]
[0.0,0.04]
[0.0,0.04]
[0.0,0.04]
[0.0,0.04]
[0.0,0.04]
[0.0,0.04]
[0.0,0.04]
[0.0,0.04]
[0.0,0.04]
[0.0,0.04]
[0.0,0.04]
[0.0,0.04]
[0.0,0.04]
[0.0,0.04]
[0.0,0.04]
[0.0,0.04]
[0.12470588235294117,0.20470588235294118]
[0.952156862745098,1.0]
[0.952156862745098,1.0]
[0.952156862745098,1.0]
[0.05019607843137255,0.13019607843137254]
[0.0,0.04]
[0.0,0.04]
[0.0,0.04]
[0.0,0.04]
[0.0,0.04]
[0.0,0.04]
[0.0,0.04]
[0.0,0.04]
[0.0,0.04]
[0.0,0.04]
[0.0,0.04]
[0.0,0.04]
[0.0,0.04]
[0.0,0.04]
[0.0,0.04]
[0.0,0.04]
[0.0,0.04]
[0.0,0.04]
[0.0,0.04]
[0.0,0.04]
[0.0,0.04]
[0.0,0.04]
[0.0,0.04]
[0.12470588235294117,0.20470588235294118]
[0.952156862745098,1.0]
[0.952156862745098,1.0]
[0.952156862745098,1.0]
[0.05019607843137255,0.13019607843137254]
[0.0,0.04]
[0.0,0.04]
[0.0,0.04]
[0.0,0.04]
[0.0,0.04]
[0.0,0.04]
[0.0,0.04]
[0.0,0.04]
[0.0,0.04]
[0.0,0.04]
[0.0,0.04]
[0.0,0.04]
[0.0,0.04]
[0.0,0.04]
[0.0,0.04]
[0.0,0.04]
[0.0,0.04]
[0.0,0.04]
[0.0,0.04]
[0.0,0.04]
[0.0,0.04]
[0.0,0.04]
[0.0,0.04]
[0.12470588235294117,0.20470588235294118]
[0.952156862745098,1.0]
[0.952156862745098,1.0]
[0.952156862745098,1.0]
[0.05019607843137255,0.13019607843137254]
[0.0,0.04]
[0.0,0.04]
[0.0,0.04]
[0.0,0.04]
[0.0,0.04]
[0.0,0.04]
[0.0,0.04]
[0.0,0.04]
[0.0,0.04]
[0.0,0.04]
[0.0,0.04]
[0.0,0.04]
[0.0,0.04]
[0.0,0.04]
[0.0,0.04]
[0.0,0.04]
[0.0,0.04]
[0.0,0.04]
[0.0,0.04]
[0.0,0.04]
[0.0,0.04]
[0.0,0.04]
[0.0,0.04]
[0.12470588235294117,0.20470588235294118]
[0.952156862745098,1.0]
[0.952156862745098,1.0]
[0.763921568627451,0.843921568627451]
[0.003137254901960783,0.08313725490196078]
[0.0,0.04]
[0.0,0.04]
[0.0,0.04]
[0.0,0.04]
[0.0,0.04]
[0.0,0.04]
[0.0,0.04]
[0.0,0.04]
[0.0,0.04]
[0.0,0.04]
[0.0,0.04]
[0.0,0.04]
[0.0,0.04]
[0.0,0.04]
[0.0,0.04]
[0.0,0.04]
[0.0,0.04]
[0.0,0.04]
[0.0,0.04]
[0.0,0.04]
[0.0,0.04]
[0.0,0.04]
[0.0,0.04]
[0.12470588235294117,0.20470588235294118]
[0.952156862745098,1.0]
[0.952156862745098,1.0]
[0.5796078431372549,0.659607843137255]
[0.0,0.04]
[0.0,0.04]
[0.0,0.04]
[0.0,0.04]
[0.0,0.04]
[0.0,0.04]
[0.0,0.04]
[0.0,0.04]
[0.0,0.04]
[0.0,0.04]
[0.0,0.04]
[0.0,0.04]
[0.0,0.04]
[0.0,0.04]
[0.0,0.04]
[0.0,0.04]
[0.0,0.04]
[0.0,0.04]
[0.0,0.04]
[0.0,0.04]
[0.0,0.04]
[0.0,0.04]
[0.0,0.04]
[0.0,0.04]
[0.21098039215686273,0.2909803921568627]
[0.952156862745098,1.0]
[0.952156862745098,1.0]
[0.5796078431372549,0.659607843137255]
[0.0,0.04]
[0.0,0.04]
[0.0,0.04]
[0.0,0.04]
[0.0,0.04]
[0.0,0.04]
[0.0,0.04]
[0.0,0.04]
[0.0,0.04]
[0.0,0.04]
[0.0,0.04]
[0.0,0.04]
[0.0,0.04]
[0.0,0.04]
[0.0,0.04]
[0.0,0.04]
[0.0,0.04]
[0.0,0.04]
[0.0,0.04]
[0.0,0.04]
[0.0,0.04]
[0.0,0.04]
[0.0,0.04]
[0.007058823529411763,0.08705882352941177]
[0.7560784313725489,0.836078431372549]
[0.952156862745098,1.0]
[0.952156862745098,1.0]
[0.2501960784313726,0.33019607843137255]
[0.0,0.04]
[0.0,0.04]
[0.0,0.04]
[0.0,0.04]
[0.0,0.04]
[0.0,0.04]
[0.0,0.04]
[0.0,0.04]
[0.0,0.04]
[0.0,0.04]
[0.0,0.04]
[0.0,0.04]
[0.0,0.04]
[0.0,0.04]
[0.0,0.04]
[0.0,0.04]
[0.0,0.04]
[0.0,0.04]
[0.0,0.04]
[0.0,0.04]
[0.0,0.04]
[0.0,0.04]
[0.0,0.04]
[0.0,0.04]
[0.5874509803921568,0.6674509803921569]
[0.952156862745098,1.0]
[0.7129411764705882,0.7929411764705883]
[0.0,0.07529411764705882]
[0.0,0.04]
[0.0,0.04]
[0.0,0.04]
[0.0,0.04]
[0.0,0.04]
[0.0,0.04]
[0.0,0.04]
[0.0,0.04]
[0.0,0.04]
[0.0,0.04]
[0.0,0.04]
[0.0,0.04]
[0.0,0.04]
[0.0,0.04]
[0.0,0.04]
[0.0,0.04]
[0.0,0.04]
[0.0,0.04]
[0.0,0.04]
[0.0,0.04]
[0.0,0.04]
[0.0,0.04]
[0.0,0.04]
[0.042352941176470586,0.12235294117647058]
[0.9050980392156862,0.9850980392156863]
[0.952156862745098,1.0]
[0.6501960784313725,0.7301960784313726]
[0.0,0.04]
[0.0,0.04]
[0.0,0.04]
[0.0,0.04]
[0.0,0.04]
[0.0,0.04]
[0.0,0.04]
[0.0,0.04]
[0.0,0.04]
[0.0,0.04]
[0.0,0.04]
[0.0,0.04]
[0.0,0.04]
[0.0,0.04]
[0.0,0.04]
[0.0,0.04]
[0.0,0.04]
[0.0,0.04]
[0.0,0.04]
[0.0,0.04]
[0.0,0.04]
[0.0,0.04]
[0.0,0.04]
[0.0,0.04]
[0.0,0.04784313725490196]
[0.39529411764705885,0.4752941176470588]
[0.6266666666666666,0.7066666666666667]
[0.5443137254901961,0.6243137254901961]
[0.0,0.04]
[0.0,0.04]
[0.0,0.04]
[0.0,0.04]
[0.0,0.04]
[0.0,0.04]
[0.0,0.04]
[0.0,0.04]
[0.0,0.04]
[0.0,0.04]
[0.0,0.04]
[0.0,0.04]
[0.0,0.04]
[0.0,0.04]
[0.0,0.04]
[0.0,0.04]
[0.0,0.04]
[0.0,0.04]
[0.0,0.04]
[0.0,0.04]
[0.0,0.04]
[0.0,0.04]
[0.0,0.04]
[0.0,0.04]
[0.0,0.04]
[0.0,0.04]
[0.0,0.04]
[0.0,0.04]
[0.0,0.04]
[0.0,0.04]
[0.0,0.04]
[0.0,0.04]
[0.0,0.04]
[0.0,0.04]
[0.0,0.04]
[0.0,0.04]
[0.0,0.04]
[0.0,0.04]
[0.0,0.04]
[0.0,0.04]
[0.0,0.04]
[0.0,0.04]
[0.0,0.04]
[0.0,0.04]
[0.0,0.04]
[0.0,0.04]
[0.0,0.04]
[0.0,0.04]
[0.0,0.04]
[0.0,0.04]
[0.0,0.04]
[0.0,0.04]
[0.0,0.04]
[0.0,0.04]
[0.0,0.04]
[0.0,0.04]
[0.0,0.04]
[0.0,0.04]
[0.0,0.04]
[0.0,0.04]
[0.0,0.04]
[0.0,0.04]
[0.0,0.04]
[0.0,0.04]
[0.0,0.04]
[0.0,0.04]
[0.0,0.04]
[0.0,0.04]
[0.0,0.04]
[0.0,0.04]
[0.0,0.04]
[0.0,0.04]
[0.0,0.04]
[0.0,0.04]
[0.0,0.04]
[0.0,0.04]
[0.0,0.04]
[0.0,0.04]
[0.0,0.04]
[0.0,0.04]
[0.0,0.04]
[0.0,0.04]
[0.0,0.04]
[0.0,0.04]
[0.0,0.04]
[0.0,0.04]
[0.0,0.04]
[0.0,0.04]
[0.0,0.04]
[0.0,0.04]
[0.0,0.04]
[0.0,0.04]
[0.0,0.04]
[0.0,0.04]
[0.0,0.04]
[0.0,0.04]
[0.0,0.04]
