[0.0,0.0]
[0.0,0.0]
[0.0,0.0]
[0.0,0.0]
[0.0,0.0]
[0.0,0.0]
[0.0,0.0]
[0.0,0.0]
[0.0,0.0]
[0.0,0.0]
[0.0,0.0]
[0.0,0.0]
[0.0,0.0]
[0.0,0.0]
[0.0,0.0]
[0.0,0.0]
[0.0,0.0]
[0.0,0.0]
[0.0,0.0]
[0.0,0.0]
[0.0,0.0]
[0.0,0.0]
[0.0,0.0]
[0.0,0.0]
[0.0,0.0]
[0.0,0.0]
[0.0,0.0]
[0.0,0.0]
[0.0,0.0]
[0.0,0.0]
[0.0,0.0]
[0.0,0.0]
[0.0,0.0]
[0.0,0.0]
[0.0,0.0]
[0.0,0.0]
[0.0,0.0]
[0.0,0.0]
[0.0,0.0]
[0.0,0.0]
[0.0,0.0]
[0.0,0.0]
[0.0,0.0]
[0.0,0.0]
[0.0,0.0]
[0.0,0.0]
[0.0,0.0]
[0.0,0.0]
[0.0,0.0]
[0.0,0.0]
[0.0,0.0]
[0.0,0.0]
[0.0,0.0]
[0.0,0.0]
[0.0,0.0]
[0.0,0.0]
[0.0,0.0]
[0.0,0.0]
[0.0,0.0]
[0.0,0.0]
[0.0,0.0]
[0.0,0.0]
[0.0,0.0]
[0.0,0.0]
[0.0,0.0]
[0.0,0.0]
[0.0,0.0]
[0.0,0.0]
[0.0,0.0]
[0.0,0.0]
[0.0,0.0]
[0.0,0.0]
[0.0,0.0]
[0.0,0.0]
[0.0,0.0]
[0.0,0.0]
[0.0,0.0]
[0.0,0.0]
[0.0,0.0]
[0.0,0.0]
[0.0,0.0]
[0.0,0.0]
[0.0,0.0]
[0.0,0.0]
[0.0,0.0]
[0.0,0.0]
[0.0,0.0]
[0.0,0.0]
[0.0,0.0]
[0.0,0.0]
[0.0,0.0]
[0.0,0.0]
[0.0,0.0]
[0.0,0.0]
[0.0,0.0]
[0.0,0.0]
[0.00784313725490196,0.00784313725490196]
[0.07058823529411765,0.07058823529411765]
[0.07058823529411765,0.07058823529411765]
[0.21568627450980393,0.21568627450980393]
[0.5372549019607843,0.5372549019607843]
[0.7529411764705882,0.7529411764705882]
[0.5137254901960784,0.5137254901960784]
[0.03137254901960784,0.03137254901960784]
[0.0,0.0]
[0.0,0.0]
[0.0,0.0]
[0.0,0.0]
[0.0,0.0]
[0.0,0.0]
[0.0,0.0]
[0.0,0.0]
[0.0,0.0]
[0.0,0.0]
[0.0,0.0]
[0.0,0.0]
[0.0,0.0]
[0.0,0.0]
[0.0,0.0]
[0.0,0.0]
[0.0,0.0]
[0.0,0.0]
[0.06274509803921569,0.06274509803921569]
[0.37254901960784315,0.37254901960784315]
[0.6431372549019608,0.6431372549019608]
[0.996078431372549,0.996078431372549]
[0.996078431372549,0.996078431372549]
[0.996078431372549,0.996078431372549]
[0.996078431372549,0.996078431372549]
[0.996078431372549,0.996078431372549]
[0.996078431372549,0.996078431372549]
[0.6980392156862745,0.6980392156862745]
[0.0,0.0]
[0.0,0.0]
[0.0,0.0]
[0.0,0.0]
[0.0,0.0]
[0.0,0.0]
[0.0,0.0]
[0.0,0.0]
[0.0,0.0]
[0.0,0.0]
[0.0,0.0]
[0.0,0.0]
[0.0,0.0]
[0.0,0.0]
[0.0,0.0]
[0.0,0.0]
[0.1607843137254902,0.1607843137254902]
[0.592156862745098,0.592156862745098]
[0.8117647058823529,0.8117647058823529]
[0.996078431372549,0.996078431372549]
[0.996078431372549,0.996078431372549]
[0.996078431372549,0.996078431372549]
[0.996078431372549,0.996078431372549]
[0.996078431372549,0.996078431372549]
[0.996078431372549,0.996078431372549]
[0.996078431372549,0.996078431372549]
[0.996078431372549,0.996078431372549]
[0.8823529411764706,0.8823529411764706]
[0.0,0.0]
[0.0,0.0]
[0.0,0.0]
[0.0,0.0]
[0.0,0.0]
[0.0,0.0]
[0.0,0.0]
[0.0,0.0]
[0.0,0.0]
[0.0,0.0]
[0.0,0.0]
[0.0,0.0]
[0.0,0.0]
[0.0,0.0]
[0.0,0.0]
[0.0,0.0]
[0.7450980392156863,0.7450980392156863]
[0.996078431372549,0.996078431372549]
[0.996078431372549,0.996078431372549]
[0.996078431372549,0.996078431372549]
[0.996078431372549,0.996078431372549]
[0.8196078431372549,0.8196078431372549]
[0.6078431372549019,0.6078431372549019]
[0.2549019607843137,0.2549019607843137]
[0.2549019607843137,0.2549019607843137]
[0.5803921568627451,0.5803921568627451]
[0.996078431372549,0.996078431372549]
[0.9686274509803922,0.9686274509803922]
[0.25882352941176473,0.25882352941176473]
[0.0,0.0]
[0.0,0.0]
[0.0,0.0]
[0.0,0.0]
[0.0,0.0]
[0.0,0.0]
[0.0,0.0]
[0.0,0.0]
[0.0,0.0]
[0.0,0.0]
[0.0,0.0]
[0.0,0.0]
[0.0,0.0]
[0.0,0.0]
[0.0,0.0]
[0.27058823529411763,0.27058823529411763]
[0.9333333333333333,0.9333333333333333]
[0.996078431372549,0.996078431372549]
[0.6509803921568628,0.6509803921568628]
[0.1843137254901961,0.1843137254901961]
[0.07058823529411765,0.07058823529411765]
[0.0,0.0]
[0.0,0.0]
[0.0,0.0]
[0.4470588235294118,0.4470588235294118]
[0.996078431372549,0.996078431372549]
[0.996078431372549,0.996078431372549]
[0.34901960784313724,0.34901960784313724]
[0.0,0.0]
[0.0,0.0]
[0.0,0.0]
[0.0,0.0]
[0.0,0.0]
[0.0,0.0]
[0.0,0.0]
[0.0,0.0]
[0.0,0.0]
[0.0,0.0]
[0.0,0.0]
[0.0,0.0]
[0.0,0.0]
[0.0,0.0]
[0.0,0.0]
[0.0,0.0]
[0.09411764705882353,0.09411764705882353]
[0.11372549019607843,0.11372549019607843]
[0.00784313725490196,0.00784313725490196]
[0.0,0.0]
[0.0,0.0]
[0.0,0.0]
[0.0,0.0]
[0.0,0.0]
[0.4470588235294118,0.4470588235294118]
[0.996078431372549,0.996078431372549]
[0.996078431372549,0.996078431372549]
[0.34901960784313724,0.34901960784313724]
[0.0,0.0]
[0.0,0.0]
[0.0,0.0]
[0.0,0.0]
[0.0,0.0]
[0.0,0.0]
[0.0,0.0]
[0.0,0.0]
[0.0,0.0]
[0.0,0.0]
[0.0,0.0]
[0.0,0.0]
[0.0,0.0]
[0.0,0.0]
[0.0,0.0]
[0.0,0.0]
[0.0,0.0]
[0.0,0.0]
[0.0,0.0]
[0.0,0.0]
[0.0,0.0]
[0.0,0.0]
[0.0,0.0]
[0.0,0.0]
[0.03137254901960784,0.03137254901960784]
[0.9803921568627451,0.9803921568627451]
[0.996078431372549,0.996078431372549]
[0.34901960784313724,0.34901960784313724]
[0.0,0.0]
[0.0,0.0]
[0.0,0.0]
[0.0,0.0]
[0.0,0.0]
[0.0,0.0]
[0.0,0.0]
[0.0,0.0]
[0.0,0.0]
[0.0,0.0]
[0.0,0.0]
[0.0,0.0]
[0.0,0.0]
[0.0,0.0]
[0.0,0.0]
[0.0,0.0]
[0.0,0.0]
[0.0,0.0]
[0.0,0.0]
[0.0,0.0]
[0.0,0.0]
[0.0,0.0]
[0.0,0.0]
[0.0,0.0]
[0.4470588235294118,0.4470588235294118]
[0.996078431372549,0.996078431372549]
[0.996078431372549,0.996078431372549]
[0.34901960784313724,0.34901960784313724]
[0.0,0.0]
[0.0,0.0]
[0.0,0.0]
[0.0,0.0]
[0.0,0.0]
[0.0,0.0]
[0.0,0.0]
[0.0,0.0]
[0.0,0.0]
[0.0,0.0]
[0.0,0.0]
[0.0,0.0]
[0.0,0.0]
[0.0,0.0]
[0.0,0.0]
[0.0,0.0]
[0.0,0.0]
[0.0,0.0]
[0.0,0.0]
[0.0,0.0]
[0.0,0.0]
[0.0,0.0]
[0.0,0.0]
[0.0,0.0]
[0.7372549019607844,0.7372549019607844]
[0.996078431372549,0.996078431372549]
[0.9803921568627451,0.9803921568627451]
[0.2901960784313726,0.2901960784313726]
[0.0,0.0]
[0.0,0.0]
[0.0,0.0]
[0.0,0.0]
[0.0,0.0]
[0.0,0.0]
[0.0,0.0]
[0.0,0.0]
[0.0,0.0]
[0.0,0.0]
[0.0,0.0]
[0.0,0.0]
[0.0,0.0]
[0.0,0.0]
[0.0,0.0]
[0.0,0.0]
[0.0,0.0]
[0.0,0.0]
[0.0,0.0]
[0.0,0.0]
[0.0,0.0]
[0.0,0.0]
[0.0,0.0]
[0.2627450980392157,0.2627450980392157]
[0.9725490196078431,0.9725490196078431]
[0.996078431372549,0.996078431372549]
[0.8823529411764706,0.8823529411764706]
[0.0,0.0]
[0.0,0.0]
[0.0,0.0]
[0.0,0.0]
[0.0,0.0]
[0.0,0.0]
[0.0,0.0]
[0.0,0.0]
[0.0,0.0]
[0.0,0.0]
[0.0,0.0]
[0.0,0.0]
[0.0,0.0]
[0.0,0.0]
[0.0,0.0]
[0.0,0.0]
[0.0,0.0]
[0.0,0.0]
[0.0,0.0]
[0.0,0.0]
[0.0,0.0]
[0.0,0.0]
[0.0,0.0]
[0.0,0.0]
[0.7333333333333333,0.7333333333333333]
[0.996078431372549,0.996078431372549]
[0.984313725490196,0.984313725490196]
[0.4,0.4]
[0.0,0.0]
[0.0,0.0]
[0.0,0.0]
[0.0,0.0]
[0.0,0.0]
[0.0,0.0]
[0.0,0.0]
[0.0,0.0]
[0.0,0.0]
[0.0,0.0]
[0.0,0.0]
[0.0,0.0]
[0.0,0.0]
[0.0,0.0]
[0.0,0.0]
[0.0,0.0]
[0.0,0.0]
[0.0,0.0]
[0.0,0.0]
[0.0,0.0]
[0.0,0.0]
[0.0,0.0]
[0.0,0.0]
[0.11372549019607843,0.11372549019607843]
[0.8980392156862745,0.8980392156862745]
[0.996078431372549,0.996078431372549]
[0.9529411764705882,0.9529411764705882]
[0.0,0.0]
[0.0,0.0]
[0.0,0.0]
[0.0,0.0]
[0.0,0.0]
[0.0,0.0]
[0.0,0.0]
[0.0,0.0]
[0.0,0.0]
[0.0,0.0]
[0.0,0.0]
[0.0,0.0]
[0.0,0.0]
[0.0,0.0]
[0.0,0.0]
[0.0,0.0]
[0.0,0.0]
[0.0,0.0]
[0.0,0.0]
[0.0,0.0]
[0.0,0.0]
[0.0,0.0]
[0.0,0.0]
[0.10588235294117647,0.10588235294117647]
[0.8274509803921568,0.8274509803921568]
[0.996078431372549,0.996078431372549]
[0.996078431372549,0.996078431372549]
[0.9529411764705882,0.9529411764705882]
[0.0,0.0]
[0.0,0.0]
[0.0,0.0]
[0.0,0.0]
[0.0,0.0]
[0.0,0.0]
[0.0,0.0]
[0.0,0.0]
[0.0,0.0]
[0.0,0.0]
[0.0,0.0]
[0.0,0.0]
[0.0,0.0]
[0.0,0.0]
[0.0,0.0]
[0.0,0.0]
[0.011764705882352941,0.011764705882352941]
[0.1803921568627451,0.1803921568627451]
[0.8941176470588236,0.8941176470588236]
[0.9803921568627451,0.9803921568627451]
[0.9803921568627451,0.9803921568627451]
[0.9803921568627451,0.9803921568627451]
[0.9803921568627451,0.9803921568627451]
[0.984313725490196,0.984313725490196]
[0.996078431372549,0.996078431372549]
[0.996078431372549,0.996078431372549]
[0.996078431372549,0.996078431372549]
[0.2549019607843137,0.2549019607843137]
[0.0,0.0]
[0.0,0.0]
[0.0,0.0]
[0.0,0.0]
[0.0,0.0]
[0.0,0.0]
[0.0,0.0]
[0.0,0.0]
[0.0,0.0]
[0.0,0.0]
[0.0,0.0]
[0.0,0.0]
[0.0,0.0]
[0.0,0.0]
[0.0,0.0]
[0.0,0.0]
[0.26666666666666666,0.26666666666666666]
[0.996078431372549,0.996078431372549]
[0.996078431372549,0.996078431372549]
[0.996078431372549,0.996078431372549]
[0.996078431372549,0.996078431372549]
[0.996078431372549,0.996078431372549]
[0.996078431372549,0.996078431372549]
[1.0,1.0]
[0.996078431372549,0.996078431372549]
[0.996078431372549,0.996078431372549]
[0.996078431372549,0.996078431372549]
[0.5686274509803921,0.5686274509803921]
[0.10588235294117647,0.10588235294117647]
[0.0,0.0]
[0.0,0.0]
[0.0,0.0]
[0.0,0.0]
[0.0,0.0]
[0.0,0.0]
[0.0,0.0]
[0.0,0.0]
[0.0,0.0]
[0.0,0.0]
[0.0,0.0]
[0.0,0.0]
[0.0,0.0]
[0.0,0.0]
[0.1803921568627451,0.1803921568627451]
[0.8862745098039215,0.8862745098039215]
[0.996078431372549,0.996078431372549]
[0.996078431372549,0.996078431372549]
[0.996078431372549,0.996078431372549]
[0.996078431372549,0.996078431372549]
[0.996078431372549,0.996078431372549]
[0.996078431372549,0.996078431372549]
[0.996078431372549,0.996078431372549]
[0.996078431372549,0.996078431372549]
[0.996078431372549,0.996078431372549]
[0.996078431372549,0.996078431372549]
[0.996078431372549,0.996078431372549]
[0.9568627450980393,0.9568627450980393]
[0.3137254901960784,0.3137254901960784]
[0.0,0.0]
[0.0,0.0]
[0.0,0.0]
[0.0,0.0]
[0.0,0.0]
[0.0,0.0]
[0.0,0.0]
[0.0,0.0]
[0.0,0.0]
[0.0,0.0]
[0.0,0.0]
[0.0,0.0]
[0.0,0.0]
[0.6039215686274509,0.6039215686274509]
[0.996078431372549,0.996078431372549]
[0.996078431372549,0.996078431372549]
[0.996078431372549,0.996078431372549]
[0.996078431372549,0.996078431372549]
[0.996078431372549,0.996078431372549]
[0.996078431372549,0.996078431372549]
[0.996078431372549,0.996078431372549]
[0.9372549019607843,0.9372549019607843]
[0.3843137254901961,0.3843137254901961]
[0.6666666666666666,0.6666666666666666]
[0.8549019607843137,0.8549019607843137]
[0.996078431372549,0.996078431372549]
[0.996078431372549,0.996078431372549]
[0.9450980392156862,0.9450980392156862]
[0.6039215686274509,0.6039215686274509]
[0.054901960784313725,0.054901960784313725]
[0.0,0.0]
[0.0,0.0]
[0.0,0.0]
[0.0,0.0]
[0.0,0.0]
[0.0,0.0]
[0.0,0.0]
[0.0,0.0]
[0.0,0.0]
[0.0,0.0]
[0.0,0.0]
[0.6039215686274509,0.6039215686274509]
[0.996078431372549,0.996078431372549]
[0.996078431372549,0.996078431372549]
[0.996078431372549,0.996078431372549]
[0.996078431372549,0.996078431372549]
[0.996078431372549,0.996078431372549]
[0.996078431372549,0.996078431372549]
[0.7137254901960784,0.7137254901960784]
[0.1607843137254902,0.1607843137254902]
[0.0,0.0]
[0.0,0.0]
[0.09411764705882353,0.09411764705882353]
[0.4470588235294118,0.4470588235294118]
[0.8627450980392157,0.8627450980392157]
[0.996078431372549,0.996078431372549]
[0.996078431372549,0.996078431372549]
[0.6823529411764706,0.6823529411764706]
[0.047058823529411764,0.047058823529411764]
[0.0,0.0]
[0.0,0.0]
[0.0,0.0]
[0.0,0.0]
[0.0,0.0]
[0.0,0.0]
[0.0,0.0]
[0.0,0.0]
[0.0,0.0]
[0.0,0.0]
[0.6039215686274509,0.6039215686274509]
[0.996078431372549,0.996078431372549]
[0.996078431372549,0.996078431372549]
[0.996078431372549,0.996078431372549]
[0.996078431372549,0.996078431372549]
[0.9882352941176471,0.9882352941176471]
[0.3411764705882353,0.3411764705882353]
[0.050980392156862744,0.050980392156862744]
[0.0,0.0]
[0.0,0.0]
[0.0,0.0]
[0.0,0.0]
[0.0,0.0]
[0.08235294117647059,0.08235294117647059]
[0.2235294117647059,0.2235294117647059]
[0.7019607843137254,0.7019607843137254]
[0.996078431372549,0.996078431372549]
[0.3215686274509804,0.3215686274509804]
[0.0,0.0]
[0.0,0.0]
[0.0,0.0]
[0.0,0.0]
[0.0,0.0]
[0.0,0.0]
[0.0,0.0]
[0.0,0.0]
[0.0,0.0]
[0.0,0.0]
[0.10588235294117647,0.10588235294117647]
[0.8470588235294118,0.8470588235294118]
[0.996078431372549,0.996078431372549]
[0.996078431372549,0.996078431372549]
[0.5843137254901961,0.5843137254901961]
[0.08627450980392157,0.08627450980392157]
[0.0,0.0]
[0.0,0.0]
[0.0,0.0]
[0.0,0.0]
[0.0,0.0]
[0.0,0.0]
[0.0,0.0]
[0.0,0.0]
[0.0,0.0]
[0.13725490196078433,0.13725490196078433]
[0.5294117647058824,0.5294117647058824]
[0.3215686274509804,0.3215686274509804]
[0.0,0.0]
[0.0,0.0]
[0.0,0.0]
[0.0,0.0]
[0.0,0.0]
[0.0,0.0]
[0.0,0.0]
[0.0,0.0]
[0.0,0.0]
[0.0,0.0]
[0.0,0.0]
[0.0,0.0]
[0.0,0.0]
[0.0,0.0]
[0.0,0.0]
[0.0,0.0]
[0.0,0.0]
[0.0,0.0]
[0.0,0.0]
[0.0,0.0]
[0.0,0.0]
[0.0,0.0]
[0.0,0.0]
[0.0,0.0]
[0.0,0.0]
[0.0,0.0]
[0.0,0.0]
[0.0,0.0]
[0.0,0.0]
[0.0,0.0]
[0.0,0.0]
[0.0,0.0]
[0.0,0.0]
[0.0,0.0]
[0.0,0.0]
[0.0,0.0]
[0.0,0.0]
[0.0,0.0]
[0.0,0.0]
[0.0,0.0]
[0.0,0.0]
[0.0,0.0]
[0.0,0.0]
[0.0,0.0]
[0.0,0.0]
[0.0,0.0]
[0.0,0.0]
[0.0,0.0]
[0.0,0.0]
[0.0,0.0]
[0.0,0.0]
[0.0,0.0]
[0.0,0.0]
[0.0,0.0]
[0.0,0.0]
[0.0,0.0]
[0.0,0.0]
[0.0,0.0]
[0.0,0.0]
[0.0,0.0]
[0.0,0.0]
[0.0,0.0]
[0.0,0.0]
[0.0,0.0]
[0.0,0.0]
[0.0,0.0]
[0.0,0.0]
[0.0,0.0]
[0.0,0.0]
[0.0,0.0]
[0.0,0.0]
[0.0,0.0]
[0.0,0.0]
[0.0,0.0]
[0.0,0.0]
[0.0,0.0]
[0.0,0.0]
[0.0,0.0]
[0.0,0.0]
[0.0,0.0]
[0.0,0.0]
[0.0,0.0]
[0.0,0.0]
[0.0,0.0]
[0.0,0.0]
[0.0,0.0]
[0.0,0.0]
[0.0,0.0]
[0.0,0.0]
[0.0,0.0]
[0.0,0.0]
[0.0,0.0]
[0.0,0.0]
[0.0,0.0]
[0.0,0.0]
[0.0,0.0]
[0.0,0.0]
[0.0,0.0]
[0.0,0.0]
[0.0,0.0]
[0.0,0.0]
[0.0,0.0]
[0.0,0.0]
[0.0,0.0]
[0.0,0.0]
[0.0,0.0]
[0.0,0.0]
[0.0,0.0]
[0.0,0.0]
[0.0,0.0]
[0.0,0.0]
[0.0,0.0]
[0.0,0.0]
[0.0,0.0]
[0.0,0.0]
[0.0,0.0]
[0.0,0.0]
[0.0,0.0]
[0.0,0.0]
[0.0,0.0]
[0.0,0.0]
[0.0,0.0]
[0.0,0.0]
[0.0,0.0]
[0.0,0.0]
[0.0,0.0]
[0.0,0.0]
[0.0,0.0]
[0.0,0.0]
[0.0,0.0]
[0.0,0.0]
[0.0,0.0]
[0.0,0.0]
[0.0,0.0]
[0.0,0.0]
[0.0,0.0]
[0.0,0.0]
[0.0,0.0]
[0.0,0.0]
[0.0,0.0]
[0.0,0.0]
[0.0,0.0]
[0.0,0.0]
[0.0,0.0]
[0.0,0.04]
[0.0,0.04]
[0.0,0.04]
[0.0,0.04]
[0.0,0.04]
[0.0,0.04]
[0.0,0.04]
[0.0,0.04]
[0.0,0.04]
[0.0,0.04]
[0.0,0.04]
[0.0,0.04]
[0.0,0.04]
[0.0,0.04]
[0.0,0.04]
[0.0,0.04]
[0.0,0.04]
[0.0,0.04]
[0.0,0.04]
[0.0,0.04]
[0.0,0.04]
[0.0,0.04]
[0.0,0.04]
[0.0,0.04]
[0.0,0.04]
[0.0,0.04]
[0.0,0.04]
[0.0,0.04]
[0.0,0.04]
[0.0,0.04]
[0.0,0.04]
[0.0,0.04]
[0.0,0.04]
[0.0,0.04]
[0.0,0.04]
[0.0,0.04]
[0.0,0.04]
[0.0,0.04]
[0.0,0.04]
[0.0,0.04]
[0.0,0.04]
[0.0,0.04]
[0.0,0.04]
[0.0,0.04]
[0.0,0.04]
[0.0,0.04]
[0.0,0.04]
[0.0,0.04]
[0.0,0.04]
[0.0,0.04]
[0.0,0.04]
[0.0,0.04]
[0.0,0.04]
[0.0,0.04]
[0.0,0.04]
[0.0,0.04]
[0.0,0.04]
[0.0,0.04]
[0.0,0.04]
[0.0,0.04]
[0.0,0.04]
[0.0,0.04]
[0.0,0.04]
[0.0,0.04]
[0.0,0.04]
[0.0,0.04]
[0.0,0.04]
[0.0,0.04]
[0.0,0.04]
[0.0,0.04]
[0.0,0.04]
[0.0,0.04]
[0.0,0.04]
[0.0,0.04]
[0.0,0.04]
[0.0,0.04]
[0.0,0.04]
[0.0,0.04]
[0.0,0.04]
[0.0,0.04]
[0.0,0.04]
[0.0,0.04]
[0.0,0.04]
[0.0,0.04]
[0.0,0.04]
[0.0,0.04]
[0.0,0.04]
[0.0,0.04]
[0.0,0.04]
[0.0,0.04]
[0.0,0.04]
[0.0,0.04]
[0.0,0.04]
[0.0,0.04]
[0.0,0.04]
[0.0,0.04]
[0.0,0.04784313725490196]
[0.030588235294117645,0.11058823529411765]
[0.030588235294117645,0.11058823529411765]
[0.17568627450980392,0.2556862745098039]
[0.4972549019607843,0.5772549019607843]
[0.7129411764705882,0.7929411764705883]
[0.4737254901960784,0.5537254901960784]
[0.0,0.07137254901960785]
[0.0,0.04]
[0.0,0.04]
[0.0,0.04]
[0.0,0.04]
[0.0,0.04]
[0.0,0.04]
[0.0,0.04]
[0.0,0.04]
[0.0,0.04]
[0.0,0.04]
[0.0,0.04]
[0.0,0.04]
[0.0,0.04]
[0.0,0.04]
[0.0,0.04]
[0.0,0.04]
[0.0,0.04]
[0.0,0.04]
[0.022745098039215685,0.1027450980392157]
[0.33254901960784317,0.4125490196078431]
[0.6031372549019608,0.6831372549019609]
[0.956078431372549,1.0]
[0.956078431372549,1.0]
[0.956078431372549,1.0]
[0.956078431372549,1.0]
[0.956078431372549,1.0]
[0.956078431372549,1.0]
[0.6580392156862744,0.7380392156862745]
[0.0,0.04]
[0.0,0.04]
[0.0,0.04]
[0.0,0.04]
[0.0,0.04]
[0.0,0.04]
[0.0,0.04]
[0.0,0.04]
[0.0,0.04]
[0.0,0.04]
[0.0,0.04]
[0.0,0.04]
[0.0,0.04]
[0.0,0.04]
[0.0,0.04]
[0.0,0.04]
[0.1207843137254902,0.20078431372549022]
[0.552156862745098,0.6321568627450981]
[0.7717647058823529,0.851764705882353]
[0.956078431372549,1.0]
[0.956078431372549,1.0]
[0.956078431372549,1.0]
[0.956078431372549,1.0]
[0.956078431372549,1.0]
[0.956078431372549,1.0]
[0.956078431372549,1.0]
[0.956078431372549,1.0]
[0.8423529411764705,0.9223529411764706]
[0.0,0.04]
[0.0,0.04]
[0.0,0.04]
[0.0,0.04]
[0.0,0.04]
[0.0,0.04]
[0.0,0.04]
[0.0,0.04]
[0.0,0.04]
[0.0,0.04]
[0.0,0.04]
[0.0,0.04]
[0.0,0.04]
[0.0,0.04]
[0.0,0.04]
[0.0,0.04]
[0.7050980392156863,0.7850980392156863]
[0.956078431372549,1.0]
[0.956078431372549,1.0]
[0.956078431372549,1.0]
[0.956078431372549,1.0]
[0.7796078431372548,0.8596078431372549]
[0.5678431372549019,0.647843137254902]
[0.2149019607843137,0.2949019607843137]
[0.2149019607843137,0.2949019607843137]
[0.5403921568627451,0.6203921568627452]
[0.956078431372549,1.0]
[0.9286274509803921,1.0]
[0.21882352941176472,0.2988235294117647]
[0.0,0.04]
[0.0,0.04]
[0.0,0.04]
[0.0,0.04]
[0.0,0.04]
[0.0,0.04]
[0.0,0.04]
[0.0,0.04]
[0.0,0.04]
[0.0,0.04]
[0.0,0.04]
[0.0,0.04]
[0.0,0.04]
[0.0,0.04]
[0.0,0.04]
[0.23058823529411762,0.3105882352941176]
[0.8933333333333333,0.9733333333333334]
[0.956078431372549,1.0]
[0.6109803921568627,0.6909803921568628]
[0.14431372549019608,0.2243137254901961]
[0.030588235294117645,0.11058823529411765]
[0.0,0.04]
[0.0,0.04]
[0.0,0.04]
[0.4070588235294118,0.48705882352941177]
[0.956078431372549,1.0]
[0.956078431372549,1.0]
[0.30901960784313726,0.3890196078431372]
[0.0,0.04]
[0.0,0.04]
[0.0,0.04]
[0.0,0.04]
[0.0,0.04]
[0.0,0.04]
[0.0,0.04]
[0.0,0.04]
[0.0,0.04]
[0.0,0.04]
[0.0,0.04]
[0.0,0.04]
[0.0,0.04]
[0.0,0.04]
[0.0,0.04]
[0.0,0.04]
[0.05411764705882353,0.13411764705882354]
[0.07372549019607844,0.15372549019607842]
[0.0,0.04784313725490196]
[0.0,0.04]
[0.0,0.04]
[0.0,0.04]
[0.0,0.04]
[0.0,0.04]
[0.4070588235294118,0.48705882352941177]
[0.956078431372549,1.0]
[0.956078431372549,1.0]
[0.30901960784313726,0.3890196078431372]
[0.0,0.04]
[0.0,0.04]
[0.0,0.04]
[0.0,0.04]
[0.0,0.04]
[0.0,0.04]
[0.0,0.04]
[0.0,0.04]
[0.0,0.04]
[0.0,0.04]
[0.0,0.04]
[0.0,0.04]
[0.0,0.04]
[0.0,0.04]
[0.0,0.04]
[0.0,0.04]
[0.0,0.04]
[0.0,0.04]
[0.0,0.04]
[0.0,0.04]
[0.0,0.04]
[0.0,0.04]
[0.0,0.04]
[0.0,0.04]
[0.0,0.07137254901960785]
[0.940392156862745,1.0]
[0.956078431372549,1.0]
[0.30901960784313726,0.3890196078431372]
[0.0,0.04]
[0.0,0.04]
[0.0,0.04]
[0.0,0.04]
[0.0,0.04]
[0.0,0.04]
[0.0,0.04]
[0.0,0.04]
[0.0,0.04]
[0.0,0.04]
[0.0,0.04]
[0.0,0.04]
[0.0,0.04]
[0.0,0.04]
[0.0,0.04]
[0.0,0.04]
[0.0,0.04]
[0.0,0.04]
[0.0,0.04]
[0.0,0.04]
[0.0,0.04]
[0.0,0.04]
[0.0,0.04]
[0.0,0.04]
[0.4070588235294118,0.48705882352941177]
[0.956078431372549,1.0]
[0.956078431372549,1.0]
[0.30901960784313726,0.3890196078431372]
[0.0,0.04]
[0.0,0.04]
[0.0,0.04]
[0.0,0.04]
[0.0,0.04]
[0.0,0.04]
[0.0,0.04]
[0.0,0.04]
[0.0,0.04]
[0.0,0.04]
[0.0,0.04]
[0.0,0.04]
[0.0,0.04]
[0.0,0.04]
[0.0,0.04]
[0.0,0.04]
[0.0,0.04]
[0.0,0.04]
[0.0,0.04]
[0.0,0.04]
[0.0,0.04]
[0.0,0.04]
[0.0,0.04]
[0.0,0.04]
[0.6972549019607843,0.7772549019607844]
[0.956078431372549,1.0]
[0.940392156862745,1.0]
[0.2501960784313726,0.33019607843137255]
[0.0,0.04]
[0.0,0.04]
[0.0,0.04]
[0.0,0.04]
[0.0,0.04]
[0.0,0.04]
[0.0,0.04]
[0.0,0.04]
[0.0,0.04]
[0.0,0.04]
[0.0,0.04]
[0.0,0.04]
[0.0,0.04]
[0.0,0.04]
[0.0,0.04]
[0.0,0.04]
[0.0,0.04]
[0.0,0.04]
[0.0,0.04]
[0.0,0.04]
[0.0,0.04]
[0.0,0.04]
[0.0,0.04]
[0.2227450980392157,0.3027450980392157]
[0.9325490196078431,1.0]
[0.956078431372549,1.0]
[0.8423529411764705,0.9223529411764706]
[0.0,0.04]
[0.0,0.04]
[0.0,0.04]
[0.0,0.04]
[0.0,0.04]
[0.0,0.04]
[0.0,0.04]
[0.0,0.04]
[0.0,0.04]
[0.0,0.04]
[0.0,0.04]
[0.0,0.04]
[0.0,0.04]
[0.0,0.04]
[0.0,0.04]
[0.0,0.04]
[0.0,0.04]
[0.0,0.04]
[0.0,0.04]
[0.0,0.04]
[0.0,0.04]
[0.0,0.04]
[0.0,0.04]
[0.0,0.04]
[0.6933333333333332,0.7733333333333333]
[0.956078431372549,1.0]
[0.944313725490196,1.0]
[0.36000000000000004,0.44]
[0.0,0.04]
[0.0,0.04]
[0.0,0.04]
[0.0,0.04]
[0.0,0.04]
[0.0,0.04]
[0.0,0.04]
[0.0,0.04]
[0.0,0.04]
[0.0,0.04]
[0.0,0.04]
[0.0,0.04]
[0.0,0.04]
[0.0,0.04]
[0.0,0.04]
[0.0,0.04]
[0.0,0.04]
[0.0,0.04]
[0.0,0.04]
[0.0,0.04]
[0.0,0.04]
[0.0,0.04]
[0.0,0.04]
[0.07372549019607844,0.15372549019607842]
[0.8580392156862745,0.9380392156862746]
[0.956078431372549,1.0]
[0.9129411764705881,0.9929411764705882]
[0.0,0.04]
[0.0,0.04]
[0.0,0.04]
[0.0,0.04]
[0.0,0.04]
[0.0,0.04]
[0.0,0.04]
[0.0,0.04]
[0.0,0.04]
[0.0,0.04]
[0.0,0.04]
[0.0,0.04]
[0.0,0.04]
[0.0,0.04]
[0.0,0.04]
[0.0,0.04]
[0.0,0.04]
[0.0,0.04]
[0.0,0.04]
[0.0,0.04]
[0.0,0.04]
[0.0,0.04]
[0.0,0.04]
[0.06588235294117648,0.14588235294117646]
[0.7874509803921568,0.8674509803921568]
[0.956078431372549,1.0]
[0.956078431372549,1.0]
[0.9129411764705881,0.9929411764705882]
[0.0,0.04]
[0.0,0.04]
[0.0,0.04]
[0.0,0.04]
[0.0,0.04]
[0.0,0.04]
[0.0,0.04]
[0.0,0.04]
[0.0,0.04]
[0.0,0.04]
[0.0,0.04]
[0.0,0.04]
[0.0,0.04]
[0.0,0.04]
[0.0,0.04]
[0.0,0.04]
[0.0,0.05176470588235294]
[0.1403921568627451,0.2203921568627451]
[0.8541176470588235,0.9341176470588236]
[0.940392156862745,1.0]
[0.940392156862745,1.0]
[0.940392156862745,1.0]
[0.940392156862745,1.0]
[0.944313725490196,1.0]
[0.956078431372549,1.0]
[0.956078431372549,1.0]
[0.956078431372549,1.0]
[0.2149019607843137,0.2949019607843137]
[0.0,0.04]
[0.0,0.04]
[0.0,0.04]
[0.0,0.04]
[0.0,0.04]
[0.0,0.04]
[0.0,0.04]
[0.0,0.04]
[0.0,0.04]
[0.0,0.04]
[0.0,0.04]
[0.0,0.04]
[0.0,0.04]
[0.0,0.04]
[0.0,0.04]
[0.0,0.04]
[0.22666666666666666,0.30666666666666664]
[0.956078431372549,1.0]
[0.956078431372549,1.0]
[0.956078431372549,1.0]
[0.956078431372549,1.0]
[0.956078431372549,1.0]
[0.956078431372549,1.0]
[0.96,1.0]
[0.956078431372549,1.0]
[0.956078431372549,1.0]
[0.956078431372549,1.0]
[0.5286274509803921,0.6086274509803922]
[0.06588235294117648,0.14588235294117646]
[0.0,0.04]
[0.0,0.04]
[0.0,0.04]
[0.0,0.04]
[0.0,0.04]
[0.0,0.04]
[0.0,0.04]
[0.0,0.04]
[0.0,0.04]
[0.0,0.04]
[0.0,0.04]
[0.0,0.04]
[0.0,0.04]
[0.0,0.04]
[0.1403921568627451,0.2203921568627451]
[0.8462745098039215,0.9262745098039216]
[0.956078431372549,1.0]
[0.956078431372549,1.0]
[0.956078431372549,1.0]
[0.956078431372549,1.0]
[0.956078431372549,1.0]
[0.956078431372549,1.0]
[0.956078431372549,1.0]
[0.956078431372549,1.0]
[0.956078431372549,1.0]
[0.956078431372549,1.0]
[0.956078431372549,1.0]
[0.9168627450980392,0.9968627450980393]
[0.27372549019607845,0.3537254901960784]
[0.0,0.04]
[0.0,0.04]
[0.0,0.04]
[0.0,0.04]
[0.0,0.04]
[0.0,0.04]
[0.0,0.04]
[0.0,0.04]
[0.0,0.04]
[0.0,0.04]
[0.0,0.04]
[0.0,0.04]
[0.0,0.04]
[0.5639215686274509,0.643921568627451]
[0.956078431372549,1.0]
[0.956078431372549,1.0]
[0.956078431372549,1.0]
[0.956078431372549,1.0]
[0.956078431372549,1.0]
[0.956078431372549,1.0]
[0.956078431372549,1.0]
[0.8972549019607843,0.9772549019607844]
[0.3443137254901961,0.4243137254901961]
[0.6266666666666666,0.7066666666666667]
[0.8149019607843137,0.8949019607843137]
[0.956078431372549,1.0]
[0.956078431372549,1.0]
[0.9050980392156862,0.9850980392156863]
[0.5639215686274509,0.643921568627451]
[0.014901960784313724,0.09490196078431373]
[0.0,0.04]
[0.0,0.04]
[0.0,0.04]
[0.0,0.04]
[0.0,0.04]
[0.0,0.04]
[0.0,0.04]
[0.0,0.04]
[0.0,0.04]
[0.0,0.04]
[0.0,0.04]
[0.5639215686274509,0.643921568627451]
[0.956078431372549,1.0]
[0.956078431372549,1.0]
[0.956078431372549,1.0]
[0.956078431372549,1.0]
[0.956078431372549,1.0]
[0.956078431372549,1.0]
[0.6737254901960784,0.7537254901960785]
[0.1207843137254902,0.20078431372549022]
[0.0,0.04]
[0.0,0.04]
[0.05411764705882353,0.13411764705882354]
[0.4070588235294118,0.48705882352941177]
[0.8227450980392157,0.9027450980392158]
[0.956078431372549,1.0]
[0.956078431372549,1.0]
[0.6423529411764706,0.7223529411764706]
[0.007058823529411763,0.08705882352941177]
[0.0,0.04]
[0.0,0.04]
[0.0,0.04]
[0.0,0.04]
[0.0,0.04]
[0.0,0.04]
[0.0,0.04]
[0.0,0.04]
[0.0,0.04]
[0.0,0.04]
[0.5639215686274509,0.643921568627451]
[0.956078431372549,1.0]
[0.956078431372549,1.0]
[0.956078431372549,1.0]
[0.956078431372549,1.0]
[0.9482352941176471,1.0]
[0.3011764705882353,0.3811764705882353]
[0.010980392156862744,0.09098039215686274]
[0.0,0.04]
[0.0,0.04]
[0.0,0.04]
[0.0,0.04]
[0.0,0.04]
[0.042352941176470586,0.12235294117647058]
[0.18352941176470589,0.2635294117647059]
[0.6619607843137254,0.7419607843137255]
[0.956078431372549,1.0]
[0.28156862745098044,0.3615686274509804]
[0.0,0.04]
[0.0,0.04]
[0.0,0.04]
[0.0,0.04]
[0.0,0.04]
[0.0,0.04]
[0.0,0.04]
[0.0,0.04]
[0.0,0.04]
[0.0,0.04]
[0.06588235294117648,0.14588235294117646]
[0.8070588235294117,0.8870588235294118]
[0.956078431372549,1.0]
[0.956078431372549,1.0]
[0.5443137254901961,0.6243137254901961]
[0.04627450980392157,0.12627450980392158]
[0.0,0.04]
[0.0,0.04]
[0.0,0.04]
[0.0,0.04]
[0.0,0.04]
[0.0,0.04]
[0.0,0.04]
[0.0,0.04]
[0.0,0.04]
[0.09725490196078432,0.17725490196078433]
[0.4894117647058824,0.5694117647058824]
[0.28156862745098044,0.3615686274509804]
[0.0,0.04]
[0.0,0.04]
[0.0,0.04]
[0.0,0.04]
[0.0,0.04]
[0.0,0.04]
[0.0,0.04]
[0.0,0.04]
[0.0,0.04]
[0.0,0.04]
[0.0,0.04]
[0.0,0.04]
[0.0,0.04]
[0.0,0.04]
[0.0,0.04]
[0.0,0.04]
[0.0,0.04]
[0.0,0.04]
[0.0,0.04]
[0.0,0.04]
[0.0,0.04]
[0.0,0.04]
[0.0,0.04]
[0.0,0.04]
[0.0,0.04]
[0.0,0.04]
[0.0,0.04]
[0.0,0.04]
[0.0,0.04]
[0.0,0.04]
[0.0,0.04]
[0.0,0.04]
[0.0,0.04]
[0.0,0.04]
[0.0,0.04]
[0.0,0.04]
[0.0,0.04]
[0.0,0.04]
[0.0,0.04]
[0.0,0.04]
[0.0,0.04]
[0.0,0.04]
[0.0,0.04]
[0.0,0.04]
[0.0,0.04]
[0.0,0.04]
[0.0,0.04]
[0.0,0.04]
[0.0,0.04]
[0.0,0.04]
[0.0,0.04]
[0.0,0.04]
[0.0,0.04]
[0.0,0.04]
[0.0,0.04]
[0.0,0.04]
[0.0,0.04]
[0.0,0.04]
[0.0,0.04]
[0.0,0.04]
[0.0,0.04]
[0.0,0.04]
[0.0,0.04]
[0.0,0.04]
[0.0,0.04]
[0.0,0.04]
[0.0,0.04]
[0.0,0.04]
[0.0,0.04]
[0.0,0.04]
[0.0,0.04]
[0.0,0.04]
[0.0,0.04]
[0.0,0.04]
[0.0,0.04]
[0.0,0.04]
[0.0,0.04]
[0.0,0.04]
[0.0,0.04]
[0.0,0.04]
[0.0,0.04]
[0.0,0.04]
[0.0,0.04]
[0.0,0.04]
[0.0,0.04]
[0.0,0.04]
[0.0,0.04]
[0.0,0.04]
[0.0,0.04]
[0.0,0.04]
[0.0,0.04]
[0.0,0.04]
[0.0,0.04]
[0.0,0.04]
[0.0,0.04]
[0.0,0.04]
[0.0,0.04]
[0.0,0.04]
[0.0,0.04]
[0.0,0.04]
[0.0,0.04]
[0.0,0.04]
[0.0,0.04]
[0.0,0.04]
[0.0,0.04]
[0.0,0.04]
[0.0,0.04]
[0.0,0.04]
[0.0,0.04]
[0.0,0.04]
[0.0,0.04]
[0.0,0.04]
[0.0,0.04]
[0.0,0.04]
[0.0,0.04]
[0.0,0.04]
[0.0,0.04]
[0.0,0.04]
[0.0,0.04]
[0.0,0.04]
[0.0,0.04]
[0.0,0.04]
[0.0,0.04]
[0.0,0.04]
[0.0,0.04]
[0.0,0.04]
[0.0,0.04]
[0.0,0.04]
[0.0,0.04]
[0.0,0.04]
[0.0,0.04]
[0.0,0.04]
[0.0,0.04]
[0.0,0.04]
[0.0,0.04]
[0.0,0.04]
[0.0,0.04]
[0.0,0.04]
[0.0,0.04]
[0.0,0.04]
[0.0,0.04]
[0.0,0.04]
[0.0,0.04]
[0.0,0.04]
