[0.0,0.0]
[0.0,0.0]
[0.0,0.0]
[0.0,0.0]
[0.0,0.0]
[0.0,0.0]
[0.0,0.0]
[0.0,0.0]
[0.0,0.0]
[0.0,0.0]
[0.0,0.0]
[0.0,0.0]
[0.0,0.0]
[0.0,0.0]
[0.0,0.0]
[0.0,0.0]
[0.0,0.0]
[0.0,0.0]
[0.0,0.0]
[0.0,0.0]
[0.0,0.0]
[0.0,0.0]
[0.0,0.0]
[0.0,0.0]
[0.0,0.0]
[0.0,0.0]
[0.0,0.0]
[0.0,0.0]
[0.0,0.0]
[0.0,0.0]
[0.0,0.0]
[0.0,0.0]
[0.0,0.0]
[0.0,0.0]
[0.0,0.0]
[0.0,0.0]
[0.0,0.0]
[0.0,0.0]
[0.0,0.0]
[0.0,0.0]
[0.0,0.0]
[0.0,0.0]
[0.0,0.0]
[0.0,0.0]
[0.0,0.0]
[0.0,0.0]
[0.0,0.0]
[0.0,0.0]
[0.0,0.0]
[0.0,0.0]
[0.0,0.0]
[0.0,0.0]
[0.0,0.0]
[0.0,0.0]
[0.0,0.0]
[0.0,0.0]
[0.0,0.0]
[0.0,0.0]
[0.0,0.0]
[0.0,0.0]
[0.0,0.0]
[0.0,0.0]
[0.0,0.0]
[0.0,0.0]
[0.0,0.0]
[0.0,0.0]
[0.0,0.0]
[0.0,0.0]
[0.0,0.0]
[0.0,0.0]
[0.0,0.0]
[0.0,0.0]
[0.0,0.0]
[0.0,0.0]
[0.0,0.0]
[0.0,0.0]
[0.0,0.0]
[0.0,0.0]
[0.0,0.0]
[0.0,0.0]
[0.0,0.0]
[0.0,0.0]
[0.0,0.0]
[0.0,0.0]
[0.0,0.0]
[0.0,0.0]
[0.0,0.0]
[0.0,0.0]
[0.0,0.0]
[0.0,0.0]
[0.0,0.0]
[0.0,0.0]
[0.0,0.0]
[0.0,0.0]
[0.0,0.0]
[0.0,0.0]
[0.0,0.0]
[0.0,0.0]
[0.0,0.0]
[0.0,0.0]
[0.0,0.0]
[0.0,0.0]
[0.0,0.0]
[0.0,0.0]
[0.0,0.0]
[0.0,0.0]
[0.0,0.0]
[0.0,0.0]
[0.0,0.0]
[0.0,0.0]
[0.0,0.0]
[0.0,0.0]
[0.0,0.0]
[0.0,0.0]
[0.0,0.0]
[0.0,0.0]
[0.0,0.0]
[0.0,0.0]
[0.0,0.0]
[0.0,0.0]
[0.0,0.0]
[0.0,0.0]
[0.0,0.0]
[0.0,0.0]
[0.0,0.0]
[0.0,0.0]
[0.0,0.0]
[0.0,0.0]
[0.0,0.0]
[0.0,0.0]
[0.0,0.0]
[0.0,0.0]
[0.0,0.0]
[0.0,0.0]
[0.0,0.0]
[0.0,0.0]
[0.0,0.0]
[0.0,0.0]
[0.0,0.0]
[0.0,0.0]
[0.0,0.0]
[0.0,0.0]
[0.0,0.0]
[0.0,0.0]
[0.0,0.0]
[0.0,0.0]
[0.0,0.0]
[0.0,0.0]
[0.0,0.0]
[0.0,0.0]
[0.0,0.0]
[0.0,0.0]
[0.0,0.0]
[0.0,0.0]
[0.0,0.0]
[0.0,0.0]
[0.023529411764705882,0.023529411764705882]
[0.29411764705882354,0.29411764705882354]
[0.0,0.0]
[0.3843137254901961,0.3843137254901961]
[0.7254901960784313,0.7254901960784313]
[0.6980392156862745,0.6980392156862745]
[0.3686274509803922,0.3686274509803922]
[0.07450980392156863,0.07450980392156863]
[0.0,0.0]
[0.0,0.0]
[0.0,0.0]
[0.0,0.0]
[0.0,0.0]
[0.0,0.0]
[0.0,0.0]
[0.0,0.0]
[0.0,0.0]
[0.0,0.0]
[0.0,0.0]
[0.0,0.0]
[0.0,0.0]
[0.0,0.0]
[0.0,0.0]
[0.0,0.0]
[0.0,0.0]
[0.058823529411764705,0.058823529411764705]
[0.43529411764705883,0.43529411764705883]
[0.7647058823529411,0.7647058823529411]
[0.9333333333333333,0.9333333333333333]
[0.3686274509803922,0.3686274509803922]
[0.0,0.0]
[0.8156862745098039,0.8156862745098039]
[0.9764705882352941,0.9764705882352941]
[0.996078431372549,0.996078431372549]
[0.996078431372549,0.996078431372549]
[0.4549019607843137,0.4549019607843137]
[0.0,0.0]
[0.0,0.0]
[0.0,0.0]
[0.0,0.0]
[0.0,0.0]
[0.0,0.0]
[0.0,0.0]
[0.0,0.0]
[0.0,0.0]
[0.0,0.0]
[0.0,0.0]
[0.0,0.0]
[0.0,0.0]
[0.0,0.0]
[0.0784313725490196,0.0784313725490196]
[0.19607843137254902,0.19607843137254902]
[0.4196078431372549,0.4196078431372549]
[0.7725490196078432,0.7725490196078432]
[0.9647058823529412,0.9647058823529412]
[0.7176470588235294,0.7176470588235294]
[0.09803921568627451,0.09803921568627451]
[0.0,0.0]
[0.0,0.0]
[0.3176470588235294,0.3176470588235294]
[0.9607843137254902,0.9607843137254902]
[0.996078431372549,0.996078431372549]
[0.9764705882352941,0.9764705882352941]
[0.3568627450980392,0.3568627450980392]
[0.0,0.0]
[0.0,0.0]
[0.0,0.0]
[0.0,0.0]
[0.0,0.0]
[0.0,0.0]
[0.0,0.0]
[0.0,0.0]
[0.0,0.0]
[0.0,0.0]
[0.0,0.0]
[0.0,0.0]
[0.07058823529411765,0.07058823529411765]
[0.32941176470588235,0.32941176470588235]
[0.9019607843137255,0.9019607843137255]
[0.996078431372549,0.996078431372549]
[0.996078431372549,0.996078431372549]
[0.8666666666666667,0.8666666666666667]
[0.33725490196078434,0.33725490196078434]
[0.0,0.0]
[0.0,0.0]
[0.00392156862745098,0.00392156862745098]
[0.49019607843137253,0.49019607843137253]
[0.9921568627450981,0.9921568627450981]
[0.996078431372549,0.996078431372549]
[0.6980392156862745,0.6980392156862745]
[0.20784313725490197,0.20784313725490197]
[0.0,0.0]
[0.0,0.0]
[0.0,0.0]
[0.0,0.0]
[0.0,0.0]
[0.0,0.0]
[0.0,0.0]
[0.0,0.0]
[0.0,0.0]
[0.0,0.0]
[0.0,0.0]
[0.0,0.0]
[0.0,0.0]
[0.5215686274509804,0.5215686274509804]
[0.996078431372549,0.996078431372549]
[0.996078431372549,0.996078431372549]
[0.8509803921568627,0.8509803921568627]
[0.4627450980392157,0.4627450980392157]
[0.01568627450980392,0.01568627450980392]
[0.0,0.0]
[0.0,0.0]
[0.24313725490196078,0.24313725490196078]
[0.792156862745098,0.792156862745098]
[0.996078431372549,0.996078431372549]
[0.9450980392156862,0.9450980392156862]
[0.5137254901960784,0.5137254901960784]
[0.03137254901960784,0.03137254901960784]
[0.0,0.0]
[0.0,0.0]
[0.0,0.0]
[0.0,0.0]
[0.0,0.0]
[0.0,0.0]
[0.0,0.0]
[0.0,0.0]
[0.0,0.0]
[0.0,0.0]
[0.0,0.0]
[0.0,0.0]
[0.0,0.0]
[0.4196078431372549,0.4196078431372549]
[0.9568627450980393,0.9568627450980393]
[0.996078431372549,0.996078431372549]
[0.8352941176470589,0.8352941176470589]
[0.17647058823529413,0.17647058823529413]
[0.0,0.0]
[0.0,0.0]
[0.0,0.0]
[0.24313725490196078,0.24313725490196078]
[0.9411764705882353,0.9411764705882353]
[0.996078431372549,0.996078431372549]
[0.8627450980392157,0.8627450980392157]
[0.11372549019607843,0.11372549019607843]
[0.0,0.0]
[0.0,0.0]
[0.0,0.0]
[0.0,0.0]
[0.0,0.0]
[0.0,0.0]
[0.0,0.0]
[0.0,0.0]
[0.0,0.0]
[0.0,0.0]
[0.0,0.0]
[0.0,0.0]
[0.0,0.0]
[0.0,0.0]
[0.17254901960784313,0.17254901960784313]
[0.9647058823529412,0.9647058823529412]
[0.996078431372549,0.996078431372549]
[0.8196078431372549,0.8196078431372549]
[0.19215686274509805,0.19215686274509805]
[0.0,0.0]
[0.0,0.0]
[0.0,0.0]
[0.12156862745098039,0.12156862745098039]
[0.9450980392156862,0.9450980392156862]
[0.996078431372549,0.996078431372549]
[0.8666666666666667,0.8666666666666667]
[0.10588235294117647,0.10588235294117647]
[0.0,0.0]
[0.0,0.0]
[0.0,0.0]
[0.0,0.0]
[0.0,0.0]
[0.0,0.0]
[0.0,0.0]
[0.0,0.0]
[0.0,0.0]
[0.0,0.0]
[0.0,0.0]
[0.0,0.0]
[0.0,0.0]
[0.0,0.0]
[0.0,0.0]
[0.37254901960784315,0.37254901960784315]
[0.996078431372549,0.996078431372549]
[0.996078431372549,0.996078431372549]
[0.21568627450980393,0.21568627450980393]
[0.0,0.0]
[0.0,0.0]
[0.0,0.0]
[0.06666666666666667,0.06666666666666667]
[0.7764705882352941,0.7764705882352941]
[0.996078431372549,0.996078431372549]
[0.8549019607843137,0.8549019607843137]
[0.10980392156862745,0.10980392156862745]
[0.0,0.0]
[0.0,0.0]
[0.0,0.0]
[0.0,0.0]
[0.0,0.0]
[0.0,0.0]
[0.0,0.0]
[0.0,0.0]
[0.0,0.0]
[0.0,0.0]
[0.0,0.0]
[0.0,0.0]
[0.0,0.0]
[0.0,0.0]
[0.0,0.0]
[0.0,0.0]
[0.10588235294117647,0.10588235294117647]
[0.8588235294117647,0.8588235294117647]
[0.996078431372549,0.996078431372549]
[0.9137254901960784,0.9137254901960784]
[0.5647058823529412,0.5647058823529412]
[0.15294117647058825,0.15294117647058825]
[0.16470588235294117,0.16470588235294117]
[0.8,0.8]
[0.996078431372549,0.996078431372549]
[0.803921568627451,0.803921568627451]
[0.0392156862745098,0.0392156862745098]
[0.0,0.0]
[0.0,0.0]
[0.0,0.0]
[0.0,0.0]
[0.0,0.0]
[0.0,0.0]
[0.0,0.0]
[0.0,0.0]
[0.0,0.0]
[0.0,0.0]
[0.0,0.0]
[0.0,0.0]
[0.0,0.0]
[0.0,0.0]
[0.0,0.0]
[0.0,0.0]
[0.0,0.0]
[0.0,0.0]
[0.45098039215686275,0.45098039215686275]
[0.9725490196078431,0.9725490196078431]
[0.996078431372549,0.996078431372549]
[0.996078431372549,0.996078431372549]
[0.9568627450980393,0.9568627450980393]
[0.9137254901960784,0.9137254901960784]
[0.996078431372549,0.996078431372549]
[0.8745098039215686,0.8745098039215686]
[0.09411764705882353,0.09411764705882353]
[0.0,0.0]
[0.0,0.0]
[0.0,0.0]
[0.0,0.0]
[0.0,0.0]
[0.0,0.0]
[0.0,0.0]
[0.0,0.0]
[0.0,0.0]
[0.0,0.0]
[0.0,0.0]
[0.0,0.0]
[0.0,0.0]
[0.0,0.0]
[0.0,0.0]
[0.0,0.0]
[0.0,0.0]
[0.0,0.0]
[0.0,0.0]
[0.0,0.0]
[0.14901960784313725,0.14901960784313725]
[0.32941176470588235,0.32941176470588235]
[0.6588235294117647,0.6588235294117647]
[0.9607843137254902,0.9607843137254902]
[0.996078431372549,0.996078431372549]
[0.996078431372549,0.996078431372549]
[0.996078431372549,0.996078431372549]
[0.8117647058823529,0.8117647058823529]
[0.45098039215686275,0.45098039215686275]
[0.03529411764705882,0.03529411764705882]
[0.0,0.0]
[0.0,0.0]
[0.0,0.0]
[0.0,0.0]
[0.0,0.0]
[0.0,0.0]
[0.0,0.0]
[0.0,0.0]
[0.0,0.0]
[0.0,0.0]
[0.0,0.0]
[0.0,0.0]
[0.0,0.0]
[0.0,0.0]
[0.0,0.0]
[0.0,0.0]
[0.0,0.0]
[0.0,0.0]
[0.0,0.0]
[0.0,0.0]
[0.054901960784313725,0.054901960784313725]
[0.9254901960784314,0.9254901960784314]
[0.996078431372549,0.996078431372549]
[0.9019607843137255,0.9019607843137255]
[0.6392156862745098,0.6392156862745098]
[0.9294117647058824,0.9294117647058824]
[0.9568627450980393,0.9568627450980393]
[0.8274509803921568,0.8274509803921568]
[0.3137254901960784,0.3137254901960784]
[0.00392156862745098,0.00392156862745098]
[0.0,0.0]
[0.0,0.0]
[0.0,0.0]
[0.0,0.0]
[0.0,0.0]
[0.0,0.0]
[0.0,0.0]
[0.0,0.0]
[0.0,0.0]
[0.0,0.0]
[0.0,0.0]
[0.0,0.0]
[0.0,0.0]
[0.0,0.0]
[0.0,0.0]
[0.0,0.0]
[0.0,0.0]
[0.0,0.0]
[0.38823529411764707,0.38823529411764707]
[0.996078431372549,0.996078431372549]
[0.996078431372549,0.996078431372549]
[0.38823529411764707,0.38823529411764707]
[0.0,0.0]
[0.0,0.0]
[0.1450980392156863,0.1450980392156863]
[0.8823529411764706,0.8823529411764706]
[0.996078431372549,0.996078431372549]
[0.5098039215686274,0.5098039215686274]
[0.03137254901960784,0.03137254901960784]
[0.0,0.0]
[0.0,0.0]
[0.0,0.0]
[0.0,0.0]
[0.0,0.0]
[0.0,0.0]
[0.0,0.0]
[0.0,0.0]
[0.0,0.0]
[0.0,0.0]
[0.0,0.0]
[0.0,0.0]
[0.0,0.0]
[0.0,0.0]
[0.0,0.0]
[0.0,0.0]
[0.0,0.0]
[0.2784313725490196,0.2784313725490196]
[0.996078431372549,0.996078431372549]
[0.8980392156862745,0.8980392156862745]
[0.047058823529411764,0.047058823529411764]
[0.0,0.0]
[0.0,0.0]
[0.0,0.0]
[0.00784313725490196,0.00784313725490196]
[0.6666666666666666,0.6666666666666666]
[0.996078431372549,0.996078431372549]
[0.2,0.2]
[0.0,0.0]
[0.0,0.0]
[0.0,0.0]
[0.0,0.0]
[0.0,0.0]
[0.0,0.0]
[0.0,0.0]
[0.0,0.0]
[0.0,0.0]
[0.0,0.0]
[0.0,0.0]
[0.0,0.0]
[0.0,0.0]
[0.0,0.0]
[0.0,0.0]
[0.0,0.0]
[0.0,0.0]
[0.3764705882352941,0.3764705882352941]
[0.996078431372549,0.996078431372549]
[0.996078431372549,0.996078431372549]
[0.07058823529411765,0.07058823529411765]
[0.0,0.0]
[0.0,0.0]
[0.0,0.0]
[0.0,0.0]
[0.3176470588235294,0.3176470588235294]
[0.996078431372549,0.996078431372549]
[0.7764705882352941,0.7764705882352941]
[0.0,0.0]
[0.0,0.0]
[0.0,0.0]
[0.0,0.0]
[0.0,0.0]
[0.0,0.0]
[0.0,0.0]
[0.0,0.0]
[0.0,0.0]
[0.0,0.0]
[0.0,0.0]
[0.0,0.0]
[0.0,0.0]
[0.0,0.0]
[0.0,0.0]
[0.0,0.0]
[0.0,0.0]
[0.3137254901960784,0.3137254901960784]
[0.996078431372549,0.996078431372549]
[0.996078431372549,0.996078431372549]
[0.07058823529411765,0.07058823529411765]
[0.0,0.0]
[0.0,0.0]
[0.0,0.0]
[0.0,0.0]
[0.5137254901960784,0.5137254901960784]
[0.996078431372549,0.996078431372549]
[0.4666666666666667,0.4666666666666667]
[0.0,0.0]
[0.0,0.0]
[0.0,0.0]
[0.0,0.0]
[0.0,0.0]
[0.0,0.0]
[0.0,0.0]
[0.0,0.0]
[0.0,0.0]
[0.0,0.0]
[0.0,0.0]
[0.0,0.0]
[0.0,0.0]
[0.0,0.0]
[0.0,0.0]
[0.0,0.0]
[0.0,0.0]
[0.0196078431372549,0.0196078431372549]
[0.8392156862745098,0.8392156862745098]
[0.996078431372549,0.996078431372549]
[0.3058823529411765,0.3058823529411765]
[0.0,0.0]
[0.0,0.0]
[0.0,0.0]
[0.00392156862745098,0.00392156862745098]
[0.7176470588235294,0.7176470588235294]
[0.9568627450980393,0.9568627450980393]
[0.24705882352941178,0.24705882352941178]
[0.0,0.0]
[0.0,0.0]
[0.0,0.0]
[0.0,0.0]
[0.0,0.0]
[0.0,0.0]
[0.0,0.0]
[0.0,0.0]
[0.0,0.0]
[0.0,0.0]
[0.0,0.0]
[0.0,0.0]
[0.0,0.0]
[0.0,0.0]
[0.0,0.0]
[0.0,0.0]
[0.0,0.0]
[0.0,0.0]
[0.25098039215686274,0.25098039215686274]
[0.9921568627450981,0.9921568627450981]
[0.8745098039215686,0.8745098039215686]
[0.09411764705882353,0.09411764705882353]
[0.0,0.0]
[0.00784313725490196,0.00784313725490196]
[0.49411764705882355,0.49411764705882355]
[0.996078431372549,0.996078431372549]
[0.6980392156862745,0.6980392156862745]
[0.0,0.0]
[0.0,0.0]
[0.0,0.0]
[0.0,0.0]
[0.0,0.0]
[0.0,0.0]
[0.0,0.0]
[0.0,0.0]
[0.0,0.0]
[0.0,0.0]
[0.0,0.0]
[0.0,0.0]
[0.0,0.0]
[0.0,0.0]
[0.0,0.0]
[0.0,0.0]
[0.0,0.0]
[0.0,0.0]
[0.0,0.0]
[0.0,0.0]
[0.3411764705882353,0.3411764705882353]
[0.9333333333333333,0.9333333333333333]
[0.8705882352941177,0.8705882352941177]
[0.4666666666666667,0.4666666666666667]
[0.6941176470588235,0.6941176470588235]
[0.996078431372549,0.996078431372549]
[0.8509803921568627,0.8509803921568627]
[0.10588235294117647,0.10588235294117647]
[0.0,0.0]
[0.0,0.0]
[0.0,0.0]
[0.0,0.0]
[0.0,0.0]
[0.0,0.0]
[0.0,0.0]
[0.0,0.0]
[0.0,0.0]
[0.0,0.0]
[0.0,0.0]
[0.0,0.0]
[0.0,0.0]
[0.0,0.0]
[0.0,0.0]
[0.0,0.0]
[0.0,0.0]
[0.0,0.0]
[0.0,0.0]
[0.0,0.0]
[0.0,0.0]
[0.07058823529411765,0.07058823529411765]
[0.6039215686274509,0.6039215686274509]
[0.7686274509803922,0.7686274509803922]
[0.7686274509803922,0.7686274509803922]
[0.396078431372549,0.396078431372549]
[0.09803921568627451,0.09803921568627451]
[0.0,0.0]
[0.0,0.0]
[0.0,0.0]
[0.0,0.0]
[0.0,0.0]
[0.0,0.0]
[0.0,0.0]
[0.0,0.0]
[0.0,0.0]
[0.0,0.0]
[0.0,0.0]
[0.0,0.0]
[0.0,0.0]
[0.0,0.0]
[0.0,0.0]
[0.0,0.0]
[0.0,0.0]
[0.0,0.0]
[0.0,0.0]
[0.0,0.0]
[0.0,0.0]
[0.0,0.0]
[0.0,0.0]
[0.0,0.0]
[0.0,0.0]
[0.0,0.0]
[0.0,0.0]
[0.0,0.0]
[0.0,0.0]
[0.0,0.0]
[0.0,0.0]
[0.0,0.0]
[0.0,0.0]
[0.0,0.0]
[0.0,0.0]
[0.0,0.0]
[0.0,0.0]
[0.0,0.0]
[0.0,0.0]
[0.0,0.0]
[0.0,0.0]
[0.0,0.0]
[0.0,0.0]
[0.0,0.0]
[0.0,0.0]
[0.0,0.0]
[0.0,0.0]
[0.0,0.0]
[0.0,0.0]
[0.0,0.0]
[0.0,0.0]
[0.0,0.0]
[0.0,0.0]
[0.0,0.0]
[0.0,0.0]
[0.0,0.0]
[0.0,0.0]
[0.0,0.0]
[0.0,0.0]
[0.0,0.0]
[0.0,0.0]
[0.0,0.0]
[0.0,0.0]
[0.0,0.0]
[0.0,0.0]
[0.0,0.0]
[0.0,0.0]
[0.0,0.0]
[0.0,0.0]
[0.0,0.0]
[0.0,0.0]
[0.0,0.0]
[0.0,0.0]
[0.0,0.0]
[0.0,0.0]
[0.0,0.0]
[0.0,0.0]
[0.0,0.0]
[0.0,0.0]
[0.0,0.0]
[0.0,0.0]
[0.0,0.0]
[0.0,0.0]
[0.0,0.0]
[0.0,0.0]
[0.0,0.0]
[0.0,0.0]
[0.0,0.0]
[0.0,0.0]
[0.0,0.0]
[0.0,0.0]
[0.0,0.0]
[0.0,0.0]
[0.0,0.04]
[0.0,0.04]
[0.0,0.04]
[0.0,0.04]
[0.0,0.04]
[0.0,0.04]
[0.0,0.04]
[0.0,0.04]
[0.0,0.04]
[0.0,0.04]
[0.0,0.04]
[0.0,0.04]
[0.0,0.04]
[0.0,0.04]
[0.0,0.04]
[0.0,0.04]
[0.0,0.04]
[0.0,0.04]
[0.0,0.04]
[0.0,0.04]
[0.0,0.04]
[0.0,0.04]
[0.0,0.04]
[0.0,0.04]
[0.0,0.04]
[0.0,0.04]
[0.0,0.04]
[0.0,0.04]
[0.0,0.04]
[0.0,0.04]
[0.0,0.04]
[0.0,0.04]
[0.0,0.04]
[0.0,0.04]
[0.0,0.04]
[0.0,0.04]
[0.0,0.04]
[0.0,0.04]
[0.0,0.04]
[0.0,0.04]
[0.0,0.04]
[0.0,0.04]
[0.0,0.04]
[0.0,0.04]
[0.0,0.04]
[0.0,0.04]
[0.0,0.04]
[0.0,0.04]
[0.0,0.04]
[0.0,0.04]
[0.0,0.04]
[0.0,0.04]
[0.0,0.04]
[0.0,0.04]
[0.0,0.04]
[0.0,0.04]
[0.0,0.04]
[0.0,0.04]
[0.0,0.04]
[0.0,0.04]
[0.0,0.04]
[0.0,0.04]
[0.0,0.04]
[0.0,0.04]
[0.0,0.04]
[0.0,0.04]
[0.0,0.04]
[0.0,0.04]
[0.0,0.04]
[0.0,0.04]
[0.0,0.04]
[0.0,0.04]
[0.0,0.04]
[0.0,0.04]
[0.0,0.04]
[0.0,0.04]
[0.0,0.04]
[0.0,0.04]
[0.0,0.04]
[0.0,0.04]
[0.0,0.04]
[0.0,0.04]
[0.0,0.04]
[0.0,0.04]
[0.0,0.04]
[0.0,0.04]
[0.0,0.04]
[0.0,0.04]
[0.0,0.04]
[0.0,0.04]
[0.0,0.04]
[0.0,0.04]
[0.0,0.04]
[0.0,0.04]
[0.0,0.04]
[0.0,0.04]
[0.0,0.04]
[0.0,0.04]
[0.0,0.04]
[0.0,0.04]
[0.0,0.04]
[0.0,0.04]
[0.0,0.04]
[0.0,0.04]
[0.0,0.04]
[0.0,0.04]
[0.0,0.04]
[0.0,0.04]
[0.0,0.04]
[0.0,0.04]
[0.0,0.04]
[0.0,0.04]
[0.0,0.04]
[0.0,0.04]
[0.0,0.04]
[0.0,0.04]
[0.0,0.04]
[0.0,0.04]
[0.0,0.04]
[0.0,0.04]
[0.0,0.04]
[0.0,0.04]
[0.0,0.04]
[0.0,0.04]
[0.0,0.04]
[0.0,0.04]
[0.0,0.04]
[0.0,0.04]
[0.0,0.04]
[0.0,0.04]
[0.0,0.04]
[0.0,0.04]
[0.0,0.04]
[0.0,0.04]
[0.0,0.04]
[0.0,0.04]
[0.0,0.04]
[0.0,0.04]
[0.0,0.04]
[0.0,0.04]
[0.0,0.04]
[0.0,0.04]
[0.0,0.04]
[0.0,0.04]
[0.0,0.04]
[0.0,0.04]
[0.0,0.04]
[0.0,0.04]
[0.0,0.04]
[0.0,0.04]
[0.0,0.04]
[0.0,0.04]
[0.0,0.04]
[0.0,0.04]
[0.0,0.04]
[0.0,0.04]
[0.0,0.06352941176470589]
[0.25411764705882356,0.3341176470588235]
[0.0,0.04]
[0.3443137254901961,0.4243137254901961]
[0.6854901960784313,0.7654901960784314]
[0.6580392156862744,0.7380392156862745]
[0.3286274509803922,0.40862745098039216]
[0.034509803921568626,0.11450980392156862]
[0.0,0.04]
[0.0,0.04]
[0.0,0.04]
[0.0,0.04]
[0.0,0.04]
[0.0,0.04]
[0.0,0.04]
[0.0,0.04]
[0.0,0.04]
[0.0,0.04]
[0.0,0.04]
[0.0,0.04]
[0.0,0.04]
[0.0,0.04]
[0.0,0.04]
[0.0,0.04]
[0.0,0.04]
[0.018823529411764704,0.0988235294117647]
[0.39529411764705885,0.4752941176470588]
[0.7247058823529411,0.8047058823529412]
[0.8933333333333333,0.9733333333333334]
[0.3286274509803922,0.40862745098039216]
[0.0,0.04]
[0.7756862745098039,0.855686274509804]
[0.936470588235294,1.0]
[0.956078431372549,1.0]
[0.956078431372549,1.0]
[0.41490196078431374,0.4949019607843137]
[0.0,0.04]
[0.0,0.04]
[0.0,0.04]
[0.0,0.04]
[0.0,0.04]
[0.0,0.04]
[0.0,0.04]
[0.0,0.04]
[0.0,0.04]
[0.0,0.04]
[0.0,0.04]
[0.0,0.04]
[0.0,0.04]
[0.0,0.04]
[0.038431372549019606,0.11843137254901961]
[0.156078431372549,0.23607843137254902]
[0.37960784313725493,0.4596078431372549]
[0.7325490196078431,0.8125490196078432]
[0.9247058823529412,1.0]
[0.6776470588235294,0.7576470588235295]
[0.05803921568627451,0.1380392156862745]
[0.0,0.04]
[0.0,0.04]
[0.2776470588235294,0.3576470588235294]
[0.9207843137254902,1.0]
[0.956078431372549,1.0]
[0.936470588235294,1.0]
[0.31686274509803924,0.3968627450980392]
[0.0,0.04]
[0.0,0.04]
[0.0,0.04]
[0.0,0.04]
[0.0,0.04]
[0.0,0.04]
[0.0,0.04]
[0.0,0.04]
[0.0,0.04]
[0.0,0.04]
[0.0,0.04]
[0.0,0.04]
[0.030588235294117645,0.11058823529411765]
[0.28941176470588237,0.36941176470588233]
[0.8619607843137255,0.9419607843137255]
[0.956078431372549,1.0]
[0.956078431372549,1.0]
[0.8266666666666667,0.9066666666666667]
[0.29725490196078436,0.3772549019607843]
[0.0,0.04]
[0.0,0.04]
[0.0,0.04392156862745098]
[0.45019607843137255,0.5301960784313725]
[0.952156862745098,1.0]
[0.956078431372549,1.0]
[0.6580392156862744,0.7380392156862745]
[0.16784313725490196,0.24784313725490198]
[0.0,0.04]
[0.0,0.04]
[0.0,0.04]
[0.0,0.04]
[0.0,0.04]
[0.0,0.04]
[0.0,0.04]
[0.0,0.04]
[0.0,0.04]
[0.0,0.04]
[0.0,0.04]
[0.0,0.04]
[0.0,0.04]
[0.48156862745098045,0.5615686274509805]
[0.956078431372549,1.0]
[0.956078431372549,1.0]
[0.8109803921568627,0.8909803921568628]
[0.4227450980392157,0.5027450980392157]
[0.0,0.05568627450980392]
[0.0,0.04]
[0.0,0.04]
[0.20313725490196077,0.2831372549019608]
[0.752156862745098,0.832156862745098]
[0.956078431372549,1.0]
[0.9050980392156862,0.9850980392156863]
[0.4737254901960784,0.5537254901960784]
[0.0,0.07137254901960785]
[0.0,0.04]
[0.0,0.04]
[0.0,0.04]
[0.0,0.04]
[0.0,0.04]
[0.0,0.04]
[0.0,0.04]
[0.0,0.04]
[0.0,0.04]
[0.0,0.04]
[0.0,0.04]
[0.0,0.04]
[0.0,0.04]
[0.37960784313725493,0.4596078431372549]
[0.9168627450980392,0.9968627450980393]
[0.956078431372549,1.0]
[0.7952941176470588,0.8752941176470589]
[0.13647058823529412,0.21647058823529414]
[0.0,0.04]
[0.0,0.04]
[0.0,0.04]
[0.20313725490196077,0.2831372549019608]
[0.9011764705882352,0.9811764705882353]
[0.956078431372549,1.0]
[0.8227450980392157,0.9027450980392158]
[0.07372549019607844,0.15372549019607842]
[0.0,0.04]
[0.0,0.04]
[0.0,0.04]
[0.0,0.04]
[0.0,0.04]
[0.0,0.04]
[0.0,0.04]
[0.0,0.04]
[0.0,0.04]
[0.0,0.04]
[0.0,0.04]
[0.0,0.04]
[0.0,0.04]
[0.0,0.04]
[0.13254901960784313,0.21254901960784314]
[0.9247058823529412,1.0]
[0.956078431372549,1.0]
[0.7796078431372548,0.8596078431372549]
[0.15215686274509804,0.23215686274509806]
[0.0,0.04]
[0.0,0.04]
[0.0,0.04]
[0.0815686274509804,0.16156862745098038]
[0.9050980392156862,0.9850980392156863]
[0.956078431372549,1.0]
[0.8266666666666667,0.9066666666666667]
[0.06588235294117648,0.14588235294117646]
[0.0,0.04]
[0.0,0.04]
[0.0,0.04]
[0.0,0.04]
[0.0,0.04]
[0.0,0.04]
[0.0,0.04]
[0.0,0.04]
[0.0,0.04]
[0.0,0.04]
[0.0,0.04]
[0.0,0.04]
[0.0,0.04]
[0.0,0.04]
[0.0,0.04]
[0.33254901960784317,0.4125490196078431]
[0.956078431372549,1.0]
[0.956078431372549,1.0]
[0.17568627450980392,0.2556862745098039]
[0.0,0.04]
[0.0,0.04]
[0.0,0.04]
[0.026666666666666665,0.10666666666666666]
[0.7364705882352941,0.8164705882352942]
[0.956078431372549,1.0]
[0.8149019607843137,0.8949019607843137]
[0.06980392156862744,0.14980392156862746]
[0.0,0.04]
[0.0,0.04]
[0.0,0.04]
[0.0,0.04]
[0.0,0.04]
[0.0,0.04]
[0.0,0.04]
[0.0,0.04]
[0.0,0.04]
[0.0,0.04]
[0.0,0.04]
[0.0,0.04]
[0.0,0.04]
[0.0,0.04]
[0.0,0.04]
[0.0,0.04]
[0.06588235294117648,0.14588235294117646]
[0.8188235294117646,0.8988235294117647]
[0.956078431372549,1.0]
[0.8737254901960784,0.9537254901960784]
[0.5247058823529411,0.6047058823529412]
[0.11294117647058824,0.19294117647058825]
[0.12470588235294117,0.20470588235294118]
[0.76,0.8400000000000001]
[0.956078431372549,1.0]
[0.763921568627451,0.843921568627451]
[0.0,0.07921568627450981]
[0.0,0.04]
[0.0,0.04]
[0.0,0.04]
[0.0,0.04]
[0.0,0.04]
[0.0,0.04]
[0.0,0.04]
[0.0,0.04]
[0.0,0.04]
[0.0,0.04]
[0.0,0.04]
[0.0,0.04]
[0.0,0.04]
[0.0,0.04]
[0.0,0.04]
[0.0,0.04]
[0.0,0.04]
[0.0,0.04]
[0.4109803921568628,0.49098039215686273]
[0.9325490196078431,1.0]
[0.956078431372549,1.0]
[0.956078431372549,1.0]
[0.9168627450980392,0.9968627450980393]
[0.8737254901960784,0.9537254901960784]
[0.956078431372549,1.0]
[0.8345098039215686,0.9145098039215687]
[0.05411764705882353,0.13411764705882354]
[0.0,0.04]
[0.0,0.04]
[0.0,0.04]
[0.0,0.04]
[0.0,0.04]
[0.0,0.04]
[0.0,0.04]
[0.0,0.04]
[0.0,0.04]
[0.0,0.04]
[0.0,0.04]
[0.0,0.04]
[0.0,0.04]
[0.0,0.04]
[0.0,0.04]
[0.0,0.04]
[0.0,0.04]
[0.0,0.04]
[0.0,0.04]
[0.0,0.04]
[0.10901960784313725,0.18901960784313726]
[0.28941176470588237,0.36941176470588233]
[0.6188235294117647,0.6988235294117647]
[0.9207843137254902,1.0]
[0.956078431372549,1.0]
[0.956078431372549,1.0]
[0.956078431372549,1.0]
[0.7717647058823529,0.851764705882353]
[0.4109803921568628,0.49098039215686273]
[0.0,0.07529411764705882]
[0.0,0.04]
[0.0,0.04]
[0.0,0.04]
[0.0,0.04]
[0.0,0.04]
[0.0,0.04]
[0.0,0.04]
[0.0,0.04]
[0.0,0.04]
[0.0,0.04]
[0.0,0.04]
[0.0,0.04]
[0.0,0.04]
[0.0,0.04]
[0.0,0.04]
[0.0,0.04]
[0.0,0.04]
[0.0,0.04]
[0.0,0.04]
[0.0,0.04]
[0.014901960784313724,0.09490196078431373]
[0.8854901960784314,0.9654901960784315]
[0.956078431372549,1.0]
[0.8619607843137255,0.9419607843137255]
[0.5992156862745097,0.6792156862745098]
[0.8894117647058823,0.9694117647058824]
[0.9168627450980392,0.9968627450980393]
[0.7874509803921568,0.8674509803921568]
[0.27372549019607845,0.3537254901960784]
[0.0,0.04392156862745098]
[0.0,0.04]
[0.0,0.04]
[0.0,0.04]
[0.0,0.04]
[0.0,0.04]
[0.0,0.04]
[0.0,0.04]
[0.0,0.04]
[0.0,0.04]
[0.0,0.04]
[0.0,0.04]
[0.0,0.04]
[0.0,0.04]
[0.0,0.04]
[0.0,0.04]
[0.0,0.04]
[0.0,0.04]
[0.0,0.04]
[0.3482352941176471,0.42823529411764705]
[0.956078431372549,1.0]
[0.956078431372549,1.0]
[0.3482352941176471,0.42823529411764705]
[0.0,0.04]
[0.0,0.04]
[0.10509803921568628,0.1850980392156863]
[0.8423529411764705,0.9223529411764706]
[0.956078431372549,1.0]
[0.46980392156862744,0.5498039215686275]
[0.0,0.07137254901960785]
[0.0,0.04]
[0.0,0.04]
[0.0,0.04]
[0.0,0.04]
[0.0,0.04]
[0.0,0.04]
[0.0,0.04]
[0.0,0.04]
[0.0,0.04]
[0.0,0.04]
[0.0,0.04]
[0.0,0.04]
[0.0,0.04]
[0.0,0.04]
[0.0,0.04]
[0.0,0.04]
[0.0,0.04]
[0.2384313725490196,0.3184313725490196]
[0.956078431372549,1.0]
[0.8580392156862745,0.9380392156862746]
[0.007058823529411763,0.08705882352941177]
[0.0,0.04]
[0.0,0.04]
[0.0,0.04]
[0.0,0.04784313725490196]
[0.6266666666666666,0.7066666666666667]
[0.956078431372549,1.0]
[0.16,0.24000000000000002]
[0.0,0.04]
[0.0,0.04]
[0.0,0.04]
[0.0,0.04]
[0.0,0.04]
[0.0,0.04]
[0.0,0.04]
[0.0,0.04]
[0.0,0.04]
[0.0,0.04]
[0.0,0.04]
[0.0,0.04]
[0.0,0.04]
[0.0,0.04]
[0.0,0.04]
[0.0,0.04]
[0.0,0.04]
[0.33647058823529413,0.4164705882352941]
[0.956078431372549,1.0]
[0.956078431372549,1.0]
[0.030588235294117645,0.11058823529411765]
[0.0,0.04]
[0.0,0.04]
[0.0,0.04]
[0.0,0.04]
[0.2776470588235294,0.3576470588235294]
[0.956078431372549,1.0]
[0.7364705882352941,0.8164705882352942]
[0.0,0.04]
[0.0,0.04]
[0.0,0.04]
[0.0,0.04]
[0.0,0.04]
[0.0,0.04]
[0.0,0.04]
[0.0,0.04]
[0.0,0.04]
[0.0,0.04]
[0.0,0.04]
[0.0,0.04]
[0.0,0.04]
[0.0,0.04]
[0.0,0.04]
[0.0,0.04]
[0.0,0.04]
[0.27372549019607845,0.3537254901960784]
[0.956078431372549,1.0]
[0.956078431372549,1.0]
[0.030588235294117645,0.11058823529411765]
[0.0,0.04]
[0.0,0.04]
[0.0,0.04]
[0.0,0.04]
[0.4737254901960784,0.5537254901960784]
[0.956078431372549,1.0]
[0.4266666666666667,0.5066666666666667]
[0.0,0.04]
[0.0,0.04]
[0.0,0.04]
[0.0,0.04]
[0.0,0.04]
[0.0,0.04]
[0.0,0.04]
[0.0,0.04]
[0.0,0.04]
[0.0,0.04]
[0.0,0.04]
[0.0,0.04]
[0.0,0.04]
[0.0,0.04]
[0.0,0.04]
[0.0,0.04]
[0.0,0.04]
[0.0,0.0596078431372549]
[0.7992156862745098,0.8792156862745099]
[0.956078431372549,1.0]
[0.2658823529411765,0.3458823529411765]
[0.0,0.04]
[0.0,0.04]
[0.0,0.04]
[0.0,0.04392156862745098]
[0.6776470588235294,0.7576470588235295]
[0.9168627450980392,0.9968627450980393]
[0.20705882352941177,0.28705882352941176]
[0.0,0.04]
[0.0,0.04]
[0.0,0.04]
[0.0,0.04]
[0.0,0.04]
[0.0,0.04]
[0.0,0.04]
[0.0,0.04]
[0.0,0.04]
[0.0,0.04]
[0.0,0.04]
[0.0,0.04]
[0.0,0.04]
[0.0,0.04]
[0.0,0.04]
[0.0,0.04]
[0.0,0.04]
[0.0,0.04]
[0.21098039215686273,0.2909803921568627]
[0.952156862745098,1.0]
[0.8345098039215686,0.9145098039215687]
[0.05411764705882353,0.13411764705882354]
[0.0,0.04]
[0.0,0.04784313725490196]
[0.45411764705882357,0.5341176470588236]
[0.956078431372549,1.0]
[0.6580392156862744,0.7380392156862745]
[0.0,0.04]
[0.0,0.04]
[0.0,0.04]
[0.0,0.04]
[0.0,0.04]
[0.0,0.04]
[0.0,0.04]
[0.0,0.04]
[0.0,0.04]
[0.0,0.04]
[0.0,0.04]
[0.0,0.04]
[0.0,0.04]
[0.0,0.04]
[0.0,0.04]
[0.0,0.04]
[0.0,0.04]
[0.0,0.04]
[0.0,0.04]
[0.0,0.04]
[0.3011764705882353,0.3811764705882353]
[0.8933333333333333,0.9733333333333334]
[0.8305882352941176,0.9105882352941177]
[0.4266666666666667,0.5066666666666667]
[0.6541176470588235,0.7341176470588235]
[0.956078431372549,1.0]
[0.8109803921568627,0.8909803921568628]
[0.06588235294117648,0.14588235294117646]
[0.0,0.04]
[0.0,0.04]
[0.0,0.04]
[0.0,0.04]
[0.0,0.04]
[0.0,0.04]
[0.0,0.04]
[0.0,0.04]
[0.0,0.04]
[0.0,0.04]
[0.0,0.04]
[0.0,0.04]
[0.0,0.04]
[0.0,0.04]
[0.0,0.04]
[0.0,0.04]
[0.0,0.04]
[0.0,0.04]
[0.0,0.04]
[0.0,0.04]
[0.0,0.04]
[0.030588235294117645,0.11058823529411765]
[0.5639215686274509,0.643921568627451]
[0.7286274509803922,0.8086274509803922]
[0.7286274509803922,0.8086274509803922]
[0.356078431372549,0.436078431372549]
[0.05803921568627451,0.1380392156862745]
[0.0,0.04]
[0.0,0.04]
[0.0,0.04]
[0.0,0.04]
[0.0,0.04]
[0.0,0.04]
[0.0,0.04]
[0.0,0.04]
[0.0,0.04]
[0.0,0.04]
[0.0,0.04]
[0.0,0.04]
[0.0,0.04]
[0.0,0.04]
[0.0,0.04]
[0.0,0.04]
[0.0,0.04]
[0.0,0.04]
[0.0,0.04]
[0.0,0.04]
[0.0,0.04]
[0.0,0.04]
[0.0,0.04]
[0.0,0.04]
[0.0,0.04]
[0.0,0.04]
[0.0,0.04]
[0.0,0.04]
[0.0,0.04]
[0.0,0.04]
[0.0,0.04]
[0.0,0.04]
[0.0,0.04]
[0.0,0.04]
[0.0,0.04]
[0.0,0.04]
[0.0,0.04]
[0.0,0.04]
[0.0,0.04]
[0.0,0.04]
[0.0,0.04]
[0.0,0.04]
[0.0,0.04]
[0.0,0.04]
[0.0,0.04]
[0.0,0.04]
[0.0,0.04]
[0.0,0.04]
[0.0,0.04]
[0.0,0.04]
[0.0,0.04]
[0.0,0.04]
[0.0,0.04]
[0.0,0.04]
[0.0,0.04]
[0.0,0.04]
[0.0,0.04]
[0.0,0.04]
[0.0,0.04]
[0.0,0.04]
[0.0,0.04]
[0.0,0.04]
[0.0,0.04]
[0.0,0.04]
[0.0,0.04]
[0.0,0.04]
[0.0,0.04]
[0.0,0.04]
[0.0,0.04]
[0.0,0.04]
[0.0,0.04]
[0.0,0.04]
[0.0,0.04]
[0.0,0.04]
[0.0,0.04]
[0.0,0.04]
[0.0,0.04]
[0.0,0.04]
[0.0,0.04]
[0.0,0.04]
[0.0,0.04]
[0.0,0.04]
[0.0,0.04]
[0.0,0.04]
[0.0,0.04]
[0.0,0.04]
[0.0,0.04]
[0.0,0.04]
[0.0,0.04]
[0.0,0.04]
[0.0,0.04]
[0.0,0.04]
[0.0,0.04]
