[0.0,0.0]
[0.0,0.0]
[0.0,0.0]
[0.0,0.0]
[0.0,0.0]
[0.0,0.0]
[0.0,0.0]
[0.0,0.0]
[0.0,0.0]
[0.0,0.0]
[0.0,0.0]
[0.0,0.0]
[0.0,0.0]
[0.0,0.0]
[0.0,0.0]
[0.0,0.0]
[0.0,0.0]
[0.0,0.0]
[0.0,0.0]
[0.0,0.0]
[0.0,0.0]
[0.0,0.0]
[0.0,0.0]
[0.0,0.0]
[0.0,0.0]
[0.0,0.0]
[0.0,0.0]
[0.0,0.0]
[0.0,0.0]
[0.0,0.0]
[0.0,0.0]
[0.0,0.0]
[0.0,0.0]
[0.0,0.0]
[0.0,0.0]
[0.0,0.0]
[0.0,0.0]
[0.0,0.0]
[0.0,0.0]
[0.0,0.0]
[0.0,0.0]
[0.0,0.0]
[0.0,0.0]
[0.0,0.0]
[0.0,0.0]
[0.0,0.0]
[0.0,0.0]
[0.0,0.0]
[0.0,0.0]
[0.0,0.0]
[0.0,0.0]
[0.0,0.0]
[0.0,0.0]
[0.0,0.0]
[0.0,0.0]
[0.0,0.0]
[0.0,0.0]
[0.0,0.0]
[0.0,0.0]
[0.0,0.0]
[0.0,0.0]
[0.0,0.0]
[0.0,0.0]
[0.0,0.0]
[0.0,0.0]
[0.0,0.0]
[0.0,0.0]
[0.0,0.0]
[0.0,0.0]
[0.0,0.0]
[0.0,0.0]
[0.0,0.0]
[0.0,0.0]
[0.0,0.0]
[0.0,0.0]
[0.0,0.0]
[0.0,0.0]
[0.0,0.0]
[0.0,0.0]
[0.0,0.0]
[0.0,0.0]
[0.0,0.0]
[0.0,0.0]
[0.0,0.0]
[0.0,0.0]
[0.0,0.0]
[0.0,0.0]
[0.0,0.0]
[0.0,0.0]
[0.0,0.0]
[0.0,0.0]
[0.0,0.0]
[0.0,0.0]
[0.0,0.0]
[0.0,0.0]
[0.0,0.0]
[0.0,0.0]
[0.0,0.0]
[0.0,0.0]
[0.0,0.0]
[0.0,0.0]
[0.0,0.0]
[0.0,0.0]
[0.0,0.0]
[0.0,0.0]
[0.0,0.0]
[0.0,0.0]
[0.0,0.0]
[0.0,0.0]
[0.0,0.0]
[0.0,0.0]
[0.0,0.0]
[0.0,0.0]
[0.0,0.0]
[0.0,0.0]
[0.0,0.0]
[0.0,0.0]
[0.0,0.0]
[0.0,0.0]
[0.0,0.0]
[0.0,0.0]
[0.0,0.0]
[0.0,0.0]
[0.0,0.0]
[0.0,0.0]
[0.0,0.0]
[0.0,0.0]
[0.0,0.0]
[0.0,0.0]
[0.0,0.0]
[0.0,0.0]
[0.0,0.0]
[0.0,0.0]
[0.0,0.0]
[0.0,0.0]
[0.0,0.0]
[0.0,0.0]
[0.0,0.0]
[0.0,0.0]
[0.0,0.0]
[0.0,0.0]
[0.0,0.0]
[0.0,0.0]
[0.0,0.0]
[0.0,0.0]
[0.0,0.0]
[0.0,0.0]
[0.011764705882352941,0.011764705882352941]
[0.0392156862745098,0.0392156862745098]
[0.0,0.0]
[0.0,0.0]
[0.0,0.0]
[0.0,0.0]
[0.0,0.0]
[0.0,0.0]
[0.0,0.0]
[0.0,0.0]
[0.0,0.0]
[0.2627450980392157,0.2627450980392157]
[0.996078431372549,0.996078431372549]
[0.8392156862745098,0.8392156862745098]
[0.09803921568627451,0.09803921568627451]
[0.0,0.0]
[0.0,0.0]
[0.0,0.0]
[0.0,0.0]
[0.0,0.0]
[0.0,0.0]
[0.0,0.0]
[0.0,0.0]
[0.0,0.0]
[0.0,0.0]
[0.0,0.0]
[0.0,0.0]
[0.0,0.0]
[0.23921568627450981,0.23921568627450981]
[0.8901960784313725,0.8901960784313725]
[0.13725490196078433,0.13725490196078433]
[0.0,0.0]
[0.0,0.0]
[0.0,0.0]
[0.0,0.0]
[0.0,0.0]
[0.0,0.0]
[0.0,0.0]
[0.0196078431372549,0.0196078431372549]
[0.7372549019607844,0.7372549019607844]
[0.9921568627450981,0.9921568627450981]
[0.9921568627450981,0.9921568627450981]
[0.6470588235294118,0.6470588235294118]
[0.011764705882352941,0.011764705882352941]
[0.0,0.0]
[0.0,0.0]
[0.0,0.0]
[0.0,0.0]
[0.0,0.0]
[0.0,0.0]
[0.0,0.0]
[0.0,0.0]
[0.0,0.0]
[0.0,0.0]
[0.0,0.0]
[0.023529411764705882,0.023529411764705882]
[0.7137254901960784,0.7137254901960784]
[0.9921568627450981,0.9921568627450981]
[0.7058823529411765,0.7058823529411765]
[0.11764705882352941,0.11764705882352941]
[0.0,0.0]
[0.0,0.0]
[0.0,0.0]
[0.0,0.0]
[0.0,0.0]
[0.0,0.0]
[0.19215686274509805,0.19215686274509805]
[0.9921568627450981,0.9921568627450981]
[0.9921568627450981,0.9921568627450981]
[0.9921568627450981,0.9921568627450981]
[0.9921568627450981,0.9921568627450981]
[0.09411764705882353,0.09411764705882353]
[0.0,0.0]
[0.0,0.0]
[0.0,0.0]
[0.0,0.0]
[0.0,0.0]
[0.0,0.0]
[0.0,0.0]
[0.0,0.0]
[0.0,0.0]
[0.0,0.0]
[0.0,0.0]
[0.1450980392156863,0.1450980392156863]
[0.9921568627450981,0.9921568627450981]
[0.9921568627450981,0.9921568627450981]
[0.9921568627450981,0.9921568627450981]
[0.5019607843137255,0.5019607843137255]
[0.0,0.0]
[0.0,0.0]
[0.0,0.0]
[0.0,0.0]
[0.0,0.0]
[0.0,0.0]
[0.2823529411764706,0.2823529411764706]
[0.9921568627450981,0.9921568627450981]
[0.9921568627450981,0.9921568627450981]
[0.9921568627450981,0.9921568627450981]
[0.7372549019607844,0.7372549019607844]
[0.03137254901960784,0.03137254901960784]
[0.0,0.0]
[0.0,0.0]
[0.0,0.0]
[0.0,0.0]
[0.0,0.0]
[0.0,0.0]
[0.0,0.0]
[0.0,0.0]
[0.0,0.0]
[0.0,0.0]
[0.0,0.0]
[0.1450980392156863,0.1450980392156863]
[0.9921568627450981,0.9921568627450981]
[0.9921568627450981,0.9921568627450981]
[0.9921568627450981,0.9921568627450981]
[0.6588235294117647,0.6588235294117647]
[0.0,0.0]
[0.0,0.0]
[0.0,0.0]
[0.0,0.0]
[0.0,0.0]
[0.0,0.0]
[0.6627450980392157,0.6627450980392157]
[0.9921568627450981,0.9921568627450981]
[0.9921568627450981,0.9921568627450981]
[0.9137254901960784,0.9137254901960784]
[0.24313725490196078,0.24313725490196078]
[0.0,0.0]
[0.0,0.0]
[0.0,0.0]
[0.0,0.0]
[0.0,0.0]
[0.0,0.0]
[0.0,0.0]
[0.0,0.0]
[0.0,0.0]
[0.0,0.0]
[0.0,0.0]
[0.0,0.0]
[0.2823529411764706,0.2823529411764706]
[0.9921568627450981,0.9921568627450981]
[0.9921568627450981,0.9921568627450981]
[0.9921568627450981,0.9921568627450981]
[0.6588235294117647,0.6588235294117647]
[0.0,0.0]
[0.0,0.0]
[0.0,0.0]
[0.0,0.0]
[0.0,0.0]
[0.043137254901960784,0.043137254901960784]
[0.7607843137254902,0.7607843137254902]
[0.9921568627450981,0.9921568627450981]
[0.9921568627450981,0.9921568627450981]
[0.6588235294117647,0.6588235294117647]
[0.0,0.0]
[0.0,0.0]
[0.0,0.0]
[0.0,0.0]
[0.0,0.0]
[0.0,0.0]
[0.0,0.0]
[0.0,0.0]
[0.0,0.0]
[0.0,0.0]
[0.0,0.0]
[0.0,0.0]
[0.0,0.0]
[0.615686274509804,0.615686274509804]
[0.9921568627450981,0.9921568627450981]
[0.9921568627450981,0.9921568627450981]
[0.9921568627450981,0.9921568627450981]
[0.6588235294117647,0.6588235294117647]
[0.0,0.0]
[0.0,0.0]
[0.1607843137254902,0.1607843137254902]
[0.2,0.2]
[0.5333333333333333,0.5333333333333333]
[0.6549019607843137,0.6549019607843137]
[0.9921568627450981,0.9921568627450981]
[0.9921568627450981,0.9921568627450981]
[0.9921568627450981,0.9921568627450981]
[0.6588235294117647,0.6588235294117647]
[0.0,0.0]
[0.0,0.0]
[0.0,0.0]
[0.0,0.0]
[0.0,0.0]
[0.0,0.0]
[0.0,0.0]
[0.0,0.0]
[0.0,0.0]
[0.0,0.0]
[0.0,0.0]
[0.0,0.0]
[0.0,0.0]
[0.615686274509804,0.615686274509804]
[0.9921568627450981,0.9921568627450981]
[0.9921568627450981,0.9921568627450981]
[0.9921568627450981,0.9921568627450981]
[0.788235294117647,0.788235294117647]
[0.5607843137254902,0.5607843137254902]
[0.6274509803921569,0.6274509803921569]
[0.9215686274509803,0.9215686274509803]
[0.9333333333333333,0.9333333333333333]
[0.9921568627450981,0.9921568627450981]
[0.9921568627450981,0.9921568627450981]
[0.9921568627450981,0.9921568627450981]
[0.9921568627450981,0.9921568627450981]
[0.9921568627450981,0.9921568627450981]
[0.4823529411764706,0.4823529411764706]
[0.0,0.0]
[0.0,0.0]
[0.0,0.0]
[0.0,0.0]
[0.0,0.0]
[0.0,0.0]
[0.0,0.0]
[0.0,0.0]
[0.0,0.0]
[0.0,0.0]
[0.0,0.0]
[0.0,0.0]
[0.0,0.0]
[0.615686274509804,0.615686274509804]
[0.9921568627450981,0.9921568627450981]
[0.9921568627450981,0.9921568627450981]
[0.9921568627450981,0.9921568627450981]
[0.9921568627450981,0.9921568627450981]
[0.9921568627450981,0.9921568627450981]
[0.9921568627450981,0.9921568627450981]
[0.9921568627450981,0.9921568627450981]
[0.996078431372549,0.996078431372549]
[0.9921568627450981,0.9921568627450981]
[0.9921568627450981,0.9921568627450981]
[0.9921568627450981,0.9921568627450981]
[0.9921568627450981,0.9921568627450981]
[0.7333333333333333,0.7333333333333333]
[0.0196078431372549,0.0196078431372549]
[0.0,0.0]
[0.0,0.0]
[0.0,0.0]
[0.0,0.0]
[0.0,0.0]
[0.0,0.0]
[0.0,0.0]
[0.0,0.0]
[0.0,0.0]
[0.0,0.0]
[0.0,0.0]
[0.0,0.0]
[0.0,0.0]
[0.615686274509804,0.615686274509804]
[0.9921568627450981,0.9921568627450981]
[0.9921568627450981,0.9921568627450981]
[0.9921568627450981,0.9921568627450981]
[0.9921568627450981,0.9921568627450981]
[0.9921568627450981,0.9921568627450981]
[0.9921568627450981,0.9921568627450981]
[0.9921568627450981,0.9921568627450981]
[0.996078431372549,0.996078431372549]
[0.9921568627450981,0.9921568627450981]
[0.9921568627450981,0.9921568627450981]
[0.9921568627450981,0.9921568627450981]
[0.9921568627450981,0.9921568627450981]
[0.7058823529411765,0.7058823529411765]
[0.0,0.0]
[0.0,0.0]
[0.0,0.0]
[0.0,0.0]
[0.0,0.0]
[0.0,0.0]
[0.0,0.0]
[0.0,0.0]
[0.0,0.0]
[0.0,0.0]
[0.0,0.0]
[0.0,0.0]
[0.0,0.0]
[0.09411764705882353,0.09411764705882353]
[0.9803921568627451,0.9803921568627451]
[0.996078431372549,0.996078431372549]
[0.996078431372549,0.996078431372549]
[0.996078431372549,0.996078431372549]
[0.996078431372549,0.996078431372549]
[0.996078431372549,0.996078431372549]
[0.996078431372549,0.996078431372549]
[0.996078431372549,0.996078431372549]
[0.9764705882352941,0.9764705882352941]
[0.9764705882352941,0.9764705882352941]
[0.996078431372549,0.996078431372549]
[1.0,1.0]
[0.996078431372549,0.996078431372549]
[0.4627450980392157,0.4627450980392157]
[0.0,0.0]
[0.0,0.0]
[0.0,0.0]
[0.0,0.0]
[0.0,0.0]
[0.0,0.0]
[0.0,0.0]
[0.0,0.0]
[0.0,0.0]
[0.0,0.0]
[0.0,0.0]
[0.0,0.0]
[0.0,0.0]
[0.0,0.0]
[0.3333333333333333,0.3333333333333333]
[0.9176470588235294,0.9176470588235294]
[0.9921568627450981,0.9921568627450981]
[0.9921568627450981,0.9921568627450981]
[0.9921568627450981,0.9921568627450981]
[0.9921568627450981,0.9921568627450981]
[0.9058823529411765,0.9058823529411765]
[0.6705882352941176,0.6705882352941176]
[0.20392156862745098,0.20392156862745098]
[0.5686274509803921,0.5686274509803921]
[0.9921568627450981,0.9921568627450981]
[0.9921568627450981,0.9921568627450981]
[0.9921568627450981,0.9921568627450981]
[0.2823529411764706,0.2823529411764706]
[0.0784313725490196,0.0784313725490196]
[0.01568627450980392,0.01568627450980392]
[0.0,0.0]
[0.0,0.0]
[0.0,0.0]
[0.0,0.0]
[0.0,0.0]
[0.0,0.0]
[0.0,0.0]
[0.0,0.0]
[0.0,0.0]
[0.0,0.0]
[0.0,0.0]
[0.0,0.0]
[0.0,0.0]
[0.07450980392156863,0.07450980392156863]
[0.7176470588235294,0.7176470588235294]
[0.8509803921568627,0.8509803921568627]
[0.6901960784313725,0.6901960784313725]
[0.3764705882352941,0.3764705882352941]
[0.03529411764705882,0.03529411764705882]
[0.0,0.0]
[0.0,0.0]
[0.2784313725490196,0.2784313725490196]
[0.9921568627450981,0.9921568627450981]
[0.9921568627450981,0.9921568627450981]
[0.9921568627450981,0.9921568627450981]
[0.8862745098039215,0.8862745098039215]
[0.8745098039215686,0.8745098039215686]
[0.12156862745098039,0.12156862745098039]
[0.0,0.0]
[0.0,0.0]
[0.0,0.0]
[0.0,0.0]
[0.0,0.0]
[0.0,0.0]
[0.0,0.0]
[0.0,0.0]
[0.0,0.0]
[0.0,0.0]
[0.0,0.0]
[0.0,0.0]
[0.0,0.0]
[0.0,0.0]
[0.0,0.0]
[0.0,0.0]
[0.0,0.0]
[0.0,0.0]
[0.0,0.0]
[0.0,0.0]
[0.0,0.0]
[0.09803921568627451,0.09803921568627451]
[0.9921568627450981,0.9921568627450981]
[0.9921568627450981,0.9921568627450981]
[0.9921568627450981,0.9921568627450981]
[0.9921568627450981,0.9921568627450981]
[0.5686274509803921,0.5686274509803921]
[0.0,0.0]
[0.0,0.0]
[0.0,0.0]
[0.0,0.0]
[0.0,0.0]
[0.0,0.0]
[0.0,0.0]
[0.0,0.0]
[0.0,0.0]
[0.0,0.0]
[0.0,0.0]
[0.0,0.0]
[0.0,0.0]
[0.0,0.0]
[0.0,0.0]
[0.0,0.0]
[0.0,0.0]
[0.0,0.0]
[0.0,0.0]
[0.0,0.0]
[0.0,0.0]
[0.0,0.0]
[0.4392156862745098,0.4392156862745098]
[0.9921568627450981,0.9921568627450981]
[0.9921568627450981,0.9921568627450981]
[0.9921568627450981,0.9921568627450981]
[0.6745098039215687,0.6745098039215687]
[0.054901960784313725,0.054901960784313725]
[0.0,0.0]
[0.0,0.0]
[0.0,0.0]
[0.0,0.0]
[0.0,0.0]
[0.0,0.0]
[0.0,0.0]
[0.0,0.0]
[0.0,0.0]
[0.0,0.0]
[0.0,0.0]
[0.0,0.0]
[0.0,0.0]
[0.0,0.0]
[0.0,0.0]
[0.0,0.0]
[0.0,0.0]
[0.0,0.0]
[0.0,0.0]
[0.0,0.0]
[0.0,0.0]
[0.0392156862745098,0.0392156862745098]
[0.8941176470588236,0.8941176470588236]
[0.9921568627450981,0.9921568627450981]
[0.9921568627450981,0.9921568627450981]
[0.9254901960784314,0.9254901960784314]
[0.16862745098039217,0.16862745098039217]
[0.0,0.0]
[0.0,0.0]
[0.0,0.0]
[0.0,0.0]
[0.0,0.0]
[0.0,0.0]
[0.0,0.0]
[0.0,0.0]
[0.0,0.0]
[0.0,0.0]
[0.0,0.0]
[0.0,0.0]
[0.0,0.0]
[0.0,0.0]
[0.0,0.0]
[0.0,0.0]
[0.0,0.0]
[0.0,0.0]
[0.0,0.0]
[0.0,0.0]
[0.0,0.0]
[0.0,0.0]
[0.20784313725490197,0.20784313725490197]
[0.9921568627450981,0.9921568627450981]
[0.9921568627450981,0.9921568627450981]
[0.9921568627450981,0.9921568627450981]
[0.596078431372549,0.596078431372549]
[0.0,0.0]
[0.0,0.0]
[0.0,0.0]
[0.0,0.0]
[0.0,0.0]
[0.0,0.0]
[0.0,0.0]
[0.0,0.0]
[0.0,0.0]
[0.0,0.0]
[0.0,0.0]
[0.0,0.0]
[0.0,0.0]
[0.0,0.0]
[0.0,0.0]
[0.0,0.0]
[0.0,0.0]
[0.0,0.0]
[0.0,0.0]
[0.0,0.0]
[0.0,0.0]
[0.0,0.0]
[0.0,0.0]
[0.34509803921568627,0.34509803921568627]
[0.9921568627450981,0.9921568627450981]
[0.9921568627450981,0.9921568627450981]
[0.8274509803921568,0.8274509803921568]
[0.0392156862745098,0.0392156862745098]
[0.0,0.0]
[0.0,0.0]
[0.0,0.0]
[0.0,0.0]
[0.0,0.0]
[0.0,0.0]
[0.0,0.0]
[0.0,0.0]
[0.0,0.0]
[0.0,0.0]
[0.0,0.0]
[0.0,0.0]
[0.0,0.0]
[0.0,0.0]
[0.0,0.0]
[0.0,0.0]
[0.0,0.0]
[0.0,0.0]
[0.0,0.0]
[0.0,0.0]
[0.0,0.0]
[0.0,0.0]
[0.0,0.0]
[0.050980392156862744,0.050980392156862744]
[0.9921568627450981,0.9921568627450981]
[0.9921568627450981,0.9921568627450981]
[0.803921568627451,0.803921568627451]
[0.0,0.0]
[0.0,0.0]
[0.0,0.0]
[0.0,0.0]
[0.0,0.0]
[0.0,0.0]
[0.0,0.0]
[0.0,0.0]
[0.0,0.0]
[0.0,0.0]
[0.0,0.0]
[0.0,0.0]
[0.0,0.0]
[0.0,0.0]
[0.0,0.0]
[0.0,0.0]
[0.0,0.0]
[0.0,0.0]
[0.0,0.0]
[0.0,0.0]
[0.0,0.0]
[0.0,0.0]
[0.0,0.0]
[0.0,0.0]
[0.027450980392156862,0.027450980392156862]
[0.792156862745098,0.792156862745098]
[0.9921568627450981,0.9921568627450981]
[0.5764705882352941,0.5764705882352941]
[0.0,0.0]
[0.0,0.0]
[0.0,0.0]
[0.0,0.0]
[0.0,0.0]
[0.0,0.0]
[0.0,0.0]
[0.0,0.0]
[0.0,0.0]
[0.0,0.0]
[0.0,0.0]
[0.0,0.0]
[0.0,0.0]
[0.0,0.0]
[0.0,0.0]
[0.0,0.0]
[0.0,0.0]
[0.0,0.0]
[0.0,0.0]
[0.0,0.0]
[0.0,0.0]
[0.0,0.0]
[0.0,0.0]
[0.0,0.0]
[0.0,0.0]
[0.0,0.0]
[0.0,0.0]
[0.0,0.0]
[0.0,0.0]
[0.0,0.0]
[0.0,0.0]
[0.0,0.0]
[0.0,0.0]
[0.0,0.0]
[0.0,0.0]
[0.0,0.0]
[0.0,0.0]
[0.0,0.0]
[0.0,0.0]
[0.0,0.0]
[0.0,0.0]
[0.0,0.0]
[0.0,0.0]
[0.0,0.0]
[0.0,0.0]
[0.0,0.0]
[0.0,0.0]
[0.0,0.0]
[0.0,0.0]
[0.0,0.0]
[0.0,0.0]
[0.0,0.0]
[0.0,0.0]
[0.0,0.0]
[0.0,0.0]
[0.0,0.0]
[0.0,0.0]
[0.0,0.0]
[0.0,0.0]
[0.0,0.0]
[0.0,0.0]
[0.0,0.0]
[0.0,0.0]
[0.0,0.0]
[0.0,0.0]
[0.0,0.0]
[0.0,0.0]
[0.0,0.0]
[0.0,0.0]
[0.0,0.0]
[0.0,0.0]
[0.0,0.0]
[0.0,0.0]
[0.0,0.0]
[0.0,0.0]
[0.0,0.0]
[0.0,0.0]
[0.0,0.0]
[0.0,0.0]
[0.0,0.0]
[0.0,0.0]
[0.0,0.0]
[0.0,0.0]
[0.0,0.0]
[0.0,0.0]
[0.0,0.0]
[0.0,0.0]
[0.0,0.0]
[0.0,0.0]
[0.0,0.0]
[0.0,0.0]
[0.0,0.0]
[0.0,0.0]
[0.0,0.0]
[0.0,0.04]
[0.0,0.04]
[0.0,0.04]
[0.0,0.04]
[0.0,0.04]
[0.0,0.04]
[0.0,0.04]
[0.0,0.04]
[0.0,0.04]
[0.0,0.04]
[0.0,0.04]
[0.0,0.04]
[0.0,0.04]
[0.0,0.04]
[0.0,0.04]
[0.0,0.04]
[0.0,0.04]
[0.0,0.04]
[0.0,0.04]
[0.0,0.04]
[0.0,0.04]
[0.0,0.04]
[0.0,0.04]
[0.0,0.04]
[0.0,0.04]
[0.0,0.04]
[0.0,0.04]
[0.0,0.04]
[0.0,0.04]
[0.0,0.04]
[0.0,0.04]
[0.0,0.04]
[0.0,0.04]
[0.0,0.04]
[0.0,0.04]
[0.0,0.04]
[0.0,0.04]
[0.0,0.04]
[0.0,0.04]
[0.0,0.04]
[0.0,0.04]
[0.0,0.04]
[0.0,0.04]
[0.0,0.04]
[0.0,0.04]
[0.0,0.04]
[0.0,0.04]
[0.0,0.04]
[0.0,0.04]
[0.0,0.04]
[0.0,0.04]
[0.0,0.04]
[0.0,0.04]
[0.0,0.04]
[0.0,0.04]
[0.0,0.04]
[0.0,0.04]
[0.0,0.04]
[0.0,0.04]
[0.0,0.04]
[0.0,0.04]
[0.0,0.04]
[0.0,0.04]
[0.0,0.04]
[0.0,0.04]
[0.0,0.04]
[0.0,0.04]
[0.0,0.04]
[0.0,0.04]
[0.0,0.04]
[0.0,0.04]
[0.0,0.04]
[0.0,0.04]
[0.0,0.04]
[0.0,0.04]
[0.0,0.04]
[0.0,0.04]
[0.0,0.04]
[0.0,0.04]
[0.0,0.04]
[0.0,0.04]
[0.0,0.04]
[0.0,0.04]
[0.0,0.04]
[0.0,0.04]
[0.0,0.04]
[0.0,0.04]
[0.0,0.04]
[0.0,0.04]
[0.0,0.04]
[0.0,0.04]
[0.0,0.04]
[0.0,0.04]
[0.0,0.04]
[0.0,0.04]
[0.0,0.04]
[0.0,0.04]
[0.0,0.04]
[0.0,0.04]
[0.0,0.04]
[0.0,0.04]
[0.0,0.04]
[0.0,0.04]
[0.0,0.04]
[0.0,0.04]
[0.0,0.04]
[0.0,0.04]
[0.0,0.04]
[0.0,0.04]
[0.0,0.04]
[0.0,0.04]
[0.0,0.04]
[0.0,0.04]
[0.0,0.04]
[0.0,0.04]
[0.0,0.04]
[0.0,0.04]
[0.0,0.04]
[0.0,0.04]
[0.0,0.04]
[0.0,0.04]
[0.0,0.04]
[0.0,0.04]
[0.0,0.04]
[0.0,0.04]
[0.0,0.04]
[0.0,0.04]
[0.0,0.04]
[0.0,0.04]
[0.0,0.04]
[0.0,0.04]
[0.0,0.04]
[0.0,0.04]
[0.0,0.04]
[0.0,0.04]
[0.0,0.04]
[0.0,0.04]
[0.0,0.04]
[0.0,0.04]
[0.0,0.04]
[0.0,0.04]
[0.0,0.04]
[0.0,0.04]
[0.0,0.04]
[0.0,0.04]
[0.0,0.04]
[0.0,0.04]
[0.0,0.05176470588235294]
[0.0,0.07921568627450981]
[0.0,0.04]
[0.0,0.04]
[0.0,0.04]
[0.0,0.04]
[0.0,0.04]
[0.0,0.04]
[0.0,0.04]
[0.0,0.04]
[0.0,0.04]
[0.2227450980392157,0.3027450980392157]
[0.956078431372549,1.0]
[0.7992156862745098,0.8792156862745099]
[0.05803921568627451,0.1380392156862745]
[0.0,0.04]
[0.0,0.04]
[0.0,0.04]
[0.0,0.04]
[0.0,0.04]
[0.0,0.04]
[0.0,0.04]
[0.0,0.04]
[0.0,0.04]
[0.0,0.04]
[0.0,0.04]
[0.0,0.04]
[0.0,0.04]
[0.1992156862745098,0.2792156862745098]
[0.8501960784313725,0.9301960784313725]
[0.09725490196078432,0.17725490196078433]
[0.0,0.04]
[0.0,0.04]
[0.0,0.04]
[0.0,0.04]
[0.0,0.04]
[0.0,0.04]
[0.0,0.04]
[0.0,0.0596078431372549]
[0.6972549019607843,0.7772549019607844]
[0.952156862745098,1.0]
[0.952156862745098,1.0]
[0.6070588235294118,0.6870588235294118]
[0.0,0.05176470588235294]
[0.0,0.04]
[0.0,0.04]
[0.0,0.04]
[0.0,0.04]
[0.0,0.04]
[0.0,0.04]
[0.0,0.04]
[0.0,0.04]
[0.0,0.04]
[0.0,0.04]
[0.0,0.04]
[0.0,0.06352941176470589]
[0.6737254901960784,0.7537254901960785]
[0.952156862745098,1.0]
[0.6658823529411765,0.7458823529411766]
[0.0776470588235294,0.15764705882352942]
[0.0,0.04]
[0.0,0.04]
[0.0,0.04]
[0.0,0.04]
[0.0,0.04]
[0.0,0.04]
[0.15215686274509804,0.23215686274509806]
[0.952156862745098,1.0]
[0.952156862745098,1.0]
[0.952156862745098,1.0]
[0.952156862745098,1.0]
[0.05411764705882353,0.13411764705882354]
[0.0,0.04]
[0.0,0.04]
[0.0,0.04]
[0.0,0.04]
[0.0,0.04]
[0.0,0.04]
[0.0,0.04]
[0.0,0.04]
[0.0,0.04]
[0.0,0.04]
[0.0,0.04]
[0.10509803921568628,0.1850980392156863]
[0.952156862745098,1.0]
[0.952156862745098,1.0]
[0.952156862745098,1.0]
[0.4619607843137255,0.5419607843137255]
[0.0,0.04]
[0.0,0.04]
[0.0,0.04]
[0.0,0.04]
[0.0,0.04]
[0.0,0.04]
[0.24235294117647058,0.32235294117647056]
[0.952156862745098,1.0]
[0.952156862745098,1.0]
[0.952156862745098,1.0]
[0.6972549019607843,0.7772549019607844]
[0.0,0.07137254901960785]
[0.0,0.04]
[0.0,0.04]
[0.0,0.04]
[0.0,0.04]
[0.0,0.04]
[0.0,0.04]
[0.0,0.04]
[0.0,0.04]
[0.0,0.04]
[0.0,0.04]
[0.0,0.04]
[0.10509803921568628,0.1850980392156863]
[0.952156862745098,1.0]
[0.952156862745098,1.0]
[0.952156862745098,1.0]
[0.6188235294117647,0.6988235294117647]
[0.0,0.04]
[0.0,0.04]
[0.0,0.04]
[0.0,0.04]
[0.0,0.04]
[0.0,0.04]
[0.6227450980392156,0.7027450980392157]
[0.952156862745098,1.0]
[0.952156862745098,1.0]
[0.8737254901960784,0.9537254901960784]
[0.20313725490196077,0.2831372549019608]
[0.0,0.04]
[0.0,0.04]
[0.0,0.04]
[0.0,0.04]
[0.0,0.04]
[0.0,0.04]
[0.0,0.04]
[0.0,0.04]
[0.0,0.04]
[0.0,0.04]
[0.0,0.04]
[0.0,0.04]
[0.24235294117647058,0.32235294117647056]
[0.952156862745098,1.0]
[0.952156862745098,1.0]
[0.952156862745098,1.0]
[0.6188235294117647,0.6988235294117647]
[0.0,0.04]
[0.0,0.04]
[0.0,0.04]
[0.0,0.04]
[0.0,0.04]
[0.003137254901960783,0.08313725490196078]
[0.7207843137254901,0.8007843137254902]
[0.952156862745098,1.0]
[0.952156862745098,1.0]
[0.6188235294117647,0.6988235294117647]
[0.0,0.04]
[0.0,0.04]
[0.0,0.04]
[0.0,0.04]
[0.0,0.04]
[0.0,0.04]
[0.0,0.04]
[0.0,0.04]
[0.0,0.04]
[0.0,0.04]
[0.0,0.04]
[0.0,0.04]
[0.0,0.04]
[0.5756862745098039,0.655686274509804]
[0.952156862745098,1.0]
[0.952156862745098,1.0]
[0.952156862745098,1.0]
[0.6188235294117647,0.6988235294117647]
[0.0,0.04]
[0.0,0.04]
[0.1207843137254902,0.20078431372549022]
[0.16,0.24000000000000002]
[0.49333333333333335,0.5733333333333334]
[0.6149019607843137,0.6949019607843138]
[0.952156862745098,1.0]
[0.952156862745098,1.0]
[0.952156862745098,1.0]
[0.6188235294117647,0.6988235294117647]
[0.0,0.04]
[0.0,0.04]
[0.0,0.04]
[0.0,0.04]
[0.0,0.04]
[0.0,0.04]
[0.0,0.04]
[0.0,0.04]
[0.0,0.04]
[0.0,0.04]
[0.0,0.04]
[0.0,0.04]
[0.0,0.04]
[0.5756862745098039,0.655686274509804]
[0.952156862745098,1.0]
[0.952156862745098,1.0]
[0.952156862745098,1.0]
[0.748235294117647,0.8282352941176471]
[0.5207843137254902,0.6007843137254902]
[0.5874509803921568,0.6674509803921569]
[0.8815686274509803,0.9615686274509804]
[0.8933333333333333,0.9733333333333334]
[0.952156862745098,1.0]
[0.952156862745098,1.0]
[0.952156862745098,1.0]
[0.952156862745098,1.0]
[0.952156862745098,1.0]
[0.4423529411764706,0.5223529411764706]
[0.0,0.04]
[0.0,0.04]
[0.0,0.04]
[0.0,0.04]
[0.0,0.04]
[0.0,0.04]
[0.0,0.04]
[0.0,0.04]
[0.0,0.04]
[0.0,0.04]
[0.0,0.04]
[0.0,0.04]
[0.0,0.04]
[0.5756862745098039,0.655686274509804]
[0.952156862745098,1.0]
[0.952156862745098,1.0]
[0.952156862745098,1.0]
[0.952156862745098,1.0]
[0.952156862745098,1.0]
[0.952156862745098,1.0]
[0.952156862745098,1.0]
[0.956078431372549,1.0]
[0.952156862745098,1.0]
[0.952156862745098,1.0]
[0.952156862745098,1.0]
[0.952156862745098,1.0]
[0.6933333333333332,0.7733333333333333]
[0.0,0.0596078431372549]
[0.0,0.04]
[0.0,0.04]
[0.0,0.04]
[0.0,0.04]
[0.0,0.04]
[0.0,0.04]
[0.0,0.04]
[0.0,0.04]
[0.0,0.04]
[0.0,0.04]
[0.0,0.04]
[0.0,0.04]
[0.0,0.04]
[0.5756862745098039,0.655686274509804]
[0.952156862745098,1.0]
[0.952156862745098,1.0]
[0.952156862745098,1.0]
[0.952156862745098,1.0]
[0.952156862745098,1.0]
[0.952156862745098,1.0]
[0.952156862745098,1.0]
[0.956078431372549,1.0]
[0.952156862745098,1.0]
[0.952156862745098,1.0]
[0.952156862745098,1.0]
[0.952156862745098,1.0]
[0.6658823529411765,0.7458823529411766]
[0.0,0.04]
[0.0,0.04]
[0.0,0.04]
[0.0,0.04]
[0.0,0.04]
[0.0,0.04]
[0.0,0.04]
[0.0,0.04]
[0.0,0.04]
[0.0,0.04]
[0.0,0.04]
[0.0,0.04]
[0.0,0.04]
[0.05411764705882353,0.13411764705882354]
[0.940392156862745,1.0]
[0.956078431372549,1.0]
[0.956078431372549,1.0]
[0.956078431372549,1.0]
[0.956078431372549,1.0]
[0.956078431372549,1.0]
[0.956078431372549,1.0]
[0.956078431372549,1.0]
[0.936470588235294,1.0]
[0.936470588235294,1.0]
[0.956078431372549,1.0]
[0.96,1.0]
[0.956078431372549,1.0]
[0.4227450980392157,0.5027450980392157]
[0.0,0.04]
[0.0,0.04]
[0.0,0.04]
[0.0,0.04]
[0.0,0.04]
[0.0,0.04]
[0.0,0.04]
[0.0,0.04]
[0.0,0.04]
[0.0,0.04]
[0.0,0.04]
[0.0,0.04]
[0.0,0.04]
[0.0,0.04]
[0.29333333333333333,0.3733333333333333]
[0.8776470588235293,0.9576470588235294]
[0.952156862745098,1.0]
[0.952156862745098,1.0]
[0.952156862745098,1.0]
[0.952156862745098,1.0]
[0.8658823529411764,0.9458823529411765]
[0.6305882352941176,0.7105882352941176]
[0.16392156862745097,0.24392156862745099]
[0.5286274509803921,0.6086274509803922]
[0.952156862745098,1.0]
[0.952156862745098,1.0]
[0.952156862745098,1.0]
[0.24235294117647058,0.32235294117647056]
[0.038431372549019606,0.11843137254901961]
[0.0,0.05568627450980392]
[0.0,0.04]
[0.0,0.04]
[0.0,0.04]
[0.0,0.04]
[0.0,0.04]
[0.0,0.04]
[0.0,0.04]
[0.0,0.04]
[0.0,0.04]
[0.0,0.04]
[0.0,0.04]
[0.0,0.04]
[0.0,0.04]
[0.034509803921568626,0.11450980392156862]
[0.6776470588235294,0.7576470588235295]
[0.8109803921568627,0.8909803921568628]
[0.6501960784313725,0.7301960784313726]
[0.33647058823529413,0.4164705882352941]
[0.0,0.07529411764705882]
[0.0,0.04]
[0.0,0.04]
[0.2384313725490196,0.3184313725490196]
[0.952156862745098,1.0]
[0.952156862745098,1.0]
[0.952156862745098,1.0]
[0.8462745098039215,0.9262745098039216]
[0.8345098039215686,0.9145098039215687]
[0.0815686274509804,0.16156862745098038]
[0.0,0.04]
[0.0,0.04]
[0.0,0.04]
[0.0,0.04]
[0.0,0.04]
[0.0,0.04]
[0.0,0.04]
[0.0,0.04]
[0.0,0.04]
[0.0,0.04]
[0.0,0.04]
[0.0,0.04]
[0.0,0.04]
[0.0,0.04]
[0.0,0.04]
[0.0,0.04]
[0.0,0.04]
[0.0,0.04]
[0.0,0.04]
[0.0,0.04]
[0.0,0.04]
[0.05803921568627451,0.1380392156862745]
[0.952156862745098,1.0]
[0.952156862745098,1.0]
[0.952156862745098,1.0]
[0.952156862745098,1.0]
[0.5286274509803921,0.6086274509803922]
[0.0,0.04]
[0.0,0.04]
[0.0,0.04]
[0.0,0.04]
[0.0,0.04]
[0.0,0.04]
[0.0,0.04]
[0.0,0.04]
[0.0,0.04]
[0.0,0.04]
[0.0,0.04]
[0.0,0.04]
[0.0,0.04]
[0.0,0.04]
[0.0,0.04]
[0.0,0.04]
[0.0,0.04]
[0.0,0.04]
[0.0,0.04]
[0.0,0.04]
[0.0,0.04]
[0.0,0.04]
[0.3992156862745098,0.4792156862745098]
[0.952156862745098,1.0]
[0.952156862745098,1.0]
[0.952156862745098,1.0]
[0.6345098039215686,0.7145098039215687]
[0.014901960784313724,0.09490196078431373]
[0.0,0.04]
[0.0,0.04]
[0.0,0.04]
[0.0,0.04]
[0.0,0.04]
[0.0,0.04]
[0.0,0.04]
[0.0,0.04]
[0.0,0.04]
[0.0,0.04]
[0.0,0.04]
[0.0,0.04]
[0.0,0.04]
[0.0,0.04]
[0.0,0.04]
[0.0,0.04]
[0.0,0.04]
[0.0,0.04]
[0.0,0.04]
[0.0,0.04]
[0.0,0.04]
[0.0,0.07921568627450981]
[0.8541176470588235,0.9341176470588236]
[0.952156862745098,1.0]
[0.952156862745098,1.0]
[0.8854901960784314,0.9654901960784315]
[0.12862745098039216,0.20862745098039218]
[0.0,0.04]
[0.0,0.04]
[0.0,0.04]
[0.0,0.04]
[0.0,0.04]
[0.0,0.04]
[0.0,0.04]
[0.0,0.04]
[0.0,0.04]
[0.0,0.04]
[0.0,0.04]
[0.0,0.04]
[0.0,0.04]
[0.0,0.04]
[0.0,0.04]
[0.0,0.04]
[0.0,0.04]
[0.0,0.04]
[0.0,0.04]
[0.0,0.04]
[0.0,0.04]
[0.0,0.04]
[0.16784313725490196,0.24784313725490198]
[0.952156862745098,1.0]
[0.952156862745098,1.0]
[0.952156862745098,1.0]
[0.556078431372549,0.636078431372549]
[0.0,0.04]
[0.0,0.04]
[0.0,0.04]
[0.0,0.04]
[0.0,0.04]
[0.0,0.04]
[0.0,0.04]
[0.0,0.04]
[0.0,0.04]
[0.0,0.04]
[0.0,0.04]
[0.0,0.04]
[0.0,0.04]
[0.0,0.04]
[0.0,0.04]
[0.0,0.04]
[0.0,0.04]
[0.0,0.04]
[0.0,0.04]
[0.0,0.04]
[0.0,0.04]
[0.0,0.04]
[0.0,0.04]
[0.3050980392156863,0.38509803921568625]
[0.952156862745098,1.0]
[0.952156862745098,1.0]
[0.7874509803921568,0.8674509803921568]
[0.0,0.07921568627450981]
[0.0,0.04]
[0.0,0.04]
[0.0,0.04]
[0.0,0.04]
[0.0,0.04]
[0.0,0.04]
[0.0,0.04]
[0.0,0.04]
[0.0,0.04]
[0.0,0.04]
[0.0,0.04]
[0.0,0.04]
[0.0,0.04]
[0.0,0.04]
[0.0,0.04]
[0.0,0.04]
[0.0,0.04]
[0.0,0.04]
[0.0,0.04]
[0.0,0.04]
[0.0,0.04]
[0.0,0.04]
[0.0,0.04]
[0.010980392156862744,0.09098039215686274]
[0.952156862745098,1.0]
[0.952156862745098,1.0]
[0.763921568627451,0.843921568627451]
[0.0,0.04]
[0.0,0.04]
[0.0,0.04]
[0.0,0.04]
[0.0,0.04]
[0.0,0.04]
[0.0,0.04]
[0.0,0.04]
[0.0,0.04]
[0.0,0.04]
[0.0,0.04]
[0.0,0.04]
[0.0,0.04]
[0.0,0.04]
[0.0,0.04]
[0.0,0.04]
[0.0,0.04]
[0.0,0.04]
[0.0,0.04]
[0.0,0.04]
[0.0,0.04]
[0.0,0.04]
[0.0,0.04]
[0.0,0.04]
[0.0,0.06745098039215686]
[0.752156862745098,0.832156862745098]
[0.952156862745098,1.0]
[0.536470588235294,0.6164705882352941]
[0.0,0.04]
[0.0,0.04]
[0.0,0.04]
[0.0,0.04]
[0.0,0.04]
[0.0,0.04]
[0.0,0.04]
[0.0,0.04]
[0.0,0.04]
[0.0,0.04]
[0.0,0.04]
[0.0,0.04]
[0.0,0.04]
[0.0,0.04]
[0.0,0.04]
[0.0,0.04]
[0.0,0.04]
[0.0,0.04]
[0.0,0.04]
[0.0,0.04]
[0.0,0.04]
[0.0,0.04]
[0.0,0.04]
[0.0,0.04]
[0.0,0.04]
[0.0,0.04]
[0.0,0.04]
[0.0,0.04]
[0.0,0.04]
[0.0,0.04]
[0.0,0.04]
[0.0,0.04]
[0.0,0.04]
[0.0,0.04]
[0.0,0.04]
[0.0,0.04]
[0.0,0.04]
[0.0,0.04]
[0.0,0.04]
[0.0,0.04]
[0.0,0.04]
[0.0,0.04]
[0.0,0.04]
[0.0,0.04]
[0.0,0.04]
[0.0,0.04]
[0.0,0.04]
[0.0,0.04]
[0.0,0.04]
[0.0,0.04]
[0.0,0.04]
[0.0,0.04]
[0.0,0.04]
[0.0,0.04]
[0.0,0.04]
[0.0,0.04]
[0.0,0.04]
[0.0,0.04]
[0.0,0.04]
[0.0,0.04]
[0.0,0.04]
[0.0,0.04]
[0.0,0.04]
[0.0,0.04]
[0.0,0.04]
[0.0,0.04]
[0.0,0.04]
[0.0,0.04]
[0.0,0.04]
[0.0,0.04]
[0.0,0.04]
[0.0,0.04]
[0.0,0.04]
[0.0,0.04]
[0.0,0.04]
[0.0,0.04]
[0.0,0.04]
[0.0,0.04]
[0.0,0.04]
[0.0,0.04]
[0.0,0.04]
[0.0,0.04]
[0.0,0.04]
[0.0,0.04]
[0.0,0.04]
[0.0,0.04]
[0.0,0.04]
[0.0,0.04]
[0.0,0.04]
[0.0,0.04]
[0.0,0.04]
[0.0,0.04]
[0.0,0.04]
[0.0,0.04]
