[0.0,0.0]
[0.0,0.0]
[0.0,0.0]
[0.0,0.0]
[0.0,0.0]
[0.0,0.0]
[0.0,0.0]
[0.0,0.0]
[0.0,0.0]
[0.0,0.0]
[0.0,0.0]
[0.0,0.0]
[0.0,0.0]
[0.0,0.0]
[0.0,0.0]
[0.0,0.0]
[0.0,0.0]
[0.0,0.0]
[0.0,0.0]
[0.0,0.0]
[0.0,0.0]
[0.0,0.0]
[0.0,0.0]
[0.0,0.0]
[0.0,0.0]
[0.0,0.0]
[0.0,0.0]
[0.0,0.0]
[0.0,0.0]
[0.0,0.0]
[0.0,0.0]
[0.0,0.0]
[0.0,0.0]
[0.0,0.0]
[0.0,0.0]
[0.0,0.0]
[0.0,0.0]
[0.0,0.0]
[0.0,0.0]
[0.0,0.0]
[0.0,0.0]
[0.0,0.0]
[0.0,0.0]
[0.0,0.0]
[0.0,0.0]
[0.0,0.0]
[0.0,0.0]
[0.0,0.0]
[0.0,0.0]
[0.0,0.0]
[0.0,0.0]
[0.0,0.0]
[0.0,0.0]
[0.0,0.0]
[0.0,0.0]
[0.0,0.0]
[0.0,0.0]
[0.0,0.0]
[0.0,0.0]
[0.0,0.0]
[0.0,0.0]
[0.0,0.0]
[0.0,0.0]
[0.0,0.0]
[0.0,0.0]
[0.0,0.0]
[0.0,0.0]
[0.0,0.0]
[0.0,0.0]
[0.0,0.0]
[0.0,0.0]
[0.0,0.0]
[0.0,0.0]
[0.0,0.0]
[0.0,0.0]
[0.0,0.0]
[0.0,0.0]
[0.0,0.0]
[0.0,0.0]
[0.0,0.0]
[0.0,0.0]
[0.0,0.0]
[0.0,0.0]
[0.0,0.0]
[0.0,0.0]
[0.0,0.0]
[0.0,0.0]
[0.0,0.0]
[0.0,0.0]
[0.0,0.0]
[0.0,0.0]
[0.0,0.0]
[0.0,0.0]
[0.0,0.0]
[0.0,0.0]
[0.0,0.0]
[0.0,0.0]
[0.0,0.0]
[0.0,0.0]
[0.0,0.0]
[0.0,0.0]
[0.0,0.0]
[0.0,0.0]
[0.0,0.0]
[0.0,0.0]
[0.0,0.0]
[0.0,0.0]
[0.0,0.0]
[0.0,0.0]
[0.0,0.0]
[0.0,0.0]
[0.0,0.0]
[0.0,0.0]
[0.0,0.0]
[0.0,0.0]
[0.0,0.0]
[0.0,0.0]
[0.0,0.0]
[0.0,0.0]
[0.0,0.0]
[0.0,0.0]
[0.0,0.0]
[0.0,0.0]
[0.0,0.0]
[0.0,0.0]
[0.0,0.0]
[0.0,0.0]
[0.0,0.0]
[0.0,0.0]
[0.0,0.0]
[0.0,0.0]
[0.0,0.0]
[0.0,0.0]
[0.0,0.0]
[0.0,0.0]
[0.0,0.0]
[0.0,0.0]
[0.0,0.0]
[0.0,0.0]
[0.0,0.0]
[0.0,0.0]
[0.0,0.0]
[0.0,0.0]
[0.0,0.0]
[0.0,0.0]
[0.0,0.0]
[0.0,0.0]
[0.0,0.0]
[0.0,0.0]
[0.08627450980392157,0.08627450980392157]
[0.9607843137254902,0.9607843137254902]
[0.33725490196078434,0.33725490196078434]
[0.0196078431372549,0.0196078431372549]
[0.043137254901960784,0.043137254901960784]
[0.0,0.0]
[0.0,0.0]
[0.0,0.0]
[0.0,0.0]
[0.0,0.0]
[0.0,0.0]
[0.0,0.0]
[0.0,0.0]
[0.0,0.0]
[0.0,0.0]
[0.0,0.0]
[0.0,0.0]
[0.0,0.0]
[0.0,0.0]
[0.0,0.0]
[0.0,0.0]
[0.0,0.0]
[0.0,0.0]
[0.0,0.0]
[0.0,0.0]
[0.0,0.0]
[0.0,0.0]
[0.0,0.0]
[0.0,0.0]
[0.3137254901960784,0.3137254901960784]
[0.9411764705882353,0.9411764705882353]
[0.6941176470588235,0.6941176470588235]
[0.796078431372549,0.796078431372549]
[0.0,0.0]
[0.0,0.0]
[0.0,0.0]
[0.0,0.0]
[0.0,0.0]
[0.0,0.0]
[0.0,0.0]
[0.0,0.0]
[0.0,0.0]
[0.0,0.0]
[0.0,0.0]
[0.0,0.0]
[0.0,0.0]
[0.0,0.0]
[0.0,0.0]
[0.0,0.0]
[0.0,0.0]
[0.0,0.0]
[0.0,0.0]
[0.0,0.0]
[0.0,0.0]
[0.0,0.0]
[0.0,0.0]
[0.0,0.0]
[0.0,0.0]
[0.7215686274509804,0.7215686274509804]
[0.9882352941176471,0.9882352941176471]
[0.9882352941176471,0.9882352941176471]
[0.0,0.0]
[0.0,0.0]
[0.0,0.0]
[0.0,0.0]
[0.0,0.0]
[0.0,0.0]
[0.0,0.0]
[0.0,0.0]
[0.0,0.0]
[0.0,0.0]
[0.0,0.0]
[0.0,0.0]
[0.0,0.0]
[0.0,0.0]
[0.0,0.0]
[0.0,0.0]
[0.0,0.0]
[0.0,0.0]
[0.0,0.0]
[0.0,0.0]
[0.0,0.0]
[0.0,0.0]
[0.0,0.0]
[0.0,0.0]
[0.0,0.0]
[0.7215686274509804,0.7215686274509804]
[0.9882352941176471,0.9882352941176471]
[0.9882352941176471,0.9882352941176471]
[0.0,0.0]
[0.0,0.0]
[0.0,0.0]
[0.0,0.0]
[0.0,0.0]
[0.0,0.0]
[0.0,0.0]
[0.0,0.0]
[0.0,0.0]
[0.0,0.0]
[0.0,0.0]
[0.0,0.0]
[0.0,0.0]
[0.0,0.0]
[0.0,0.0]
[0.0,0.0]
[0.0,0.0]
[0.0,0.0]
[0.0,0.0]
[0.0,0.0]
[0.0,0.0]
[0.0,0.0]
[0.0,0.0]
[0.0,0.0]
[0.0,0.0]
[0.5137254901960784,0.5137254901960784]
[0.9882352941176471,0.9882352941176471]
[0.9882352941176471,0.9882352941176471]
[0.41568627450980394,0.41568627450980394]
[0.0,0.0]
[0.0,0.0]
[0.0,0.0]
[0.0,0.0]
[0.0,0.0]
[0.0,0.0]
[0.0,0.0]
[0.0,0.0]
[0.0,0.0]
[0.0,0.0]
[0.0,0.0]
[0.0,0.0]
[0.0,0.0]
[0.0,0.0]
[0.0,0.0]
[0.0,0.0]
[0.0,0.0]
[0.0,0.0]
[0.0,0.0]
[0.0,0.0]
[0.0,0.0]
[0.0,0.0]
[0.0,0.0]
[0.0,0.0]
[0.12549019607843137,0.12549019607843137]
[0.8980392156862745,0.8980392156862745]
[0.9921568627450981,0.9921568627450981]
[0.9568627450980393,0.9568627450980393]
[0.19607843137254902,0.19607843137254902]
[0.0,0.0]
[0.0,0.0]
[0.0,0.0]
[0.0,0.0]
[0.0,0.0]
[0.0,0.0]
[0.0,0.0]
[0.0,0.0]
[0.0,0.0]
[0.0,0.0]
[0.0,0.0]
[0.0,0.0]
[0.0,0.0]
[0.0,0.0]
[0.0,0.0]
[0.0,0.0]
[0.0,0.0]
[0.0,0.0]
[0.0,0.0]
[0.0,0.0]
[0.0,0.0]
[0.0,0.0]
[0.0,0.0]
[0.0,0.0]
[0.5215686274509804,0.5215686274509804]
[0.9882352941176471,0.9882352941176471]
[0.9921568627450981,0.9921568627450981]
[0.44313725490196076,0.44313725490196076]
[0.0,0.0]
[0.0,0.0]
[0.0,0.0]
[0.0,0.0]
[0.0,0.0]
[0.0,0.0]
[0.0,0.0]
[0.0,0.0]
[0.0,0.0]
[0.0,0.0]
[0.0,0.0]
[0.0,0.0]
[0.0,0.0]
[0.0,0.0]
[0.0,0.0]
[0.0,0.0]
[0.0,0.0]
[0.0,0.0]
[0.0,0.0]
[0.0,0.0]
[0.0,0.0]
[0.0,0.0]
[0.0,0.0]
[0.0,0.0]
[0.26666666666666666,0.26666666666666666]
[0.8431372549019608,0.8431372549019608]
[0.9921568627450981,0.9921568627450981]
[0.8588235294117647,0.8588235294117647]
[0.07450980392156863,0.07450980392156863]
[0.0,0.0]
[0.0,0.0]
[0.0,0.0]
[0.0,0.0]
[0.0,0.0]
[0.0,0.0]
[0.0,0.0]
[0.0,0.0]
[0.0,0.0]
[0.0,0.0]
[0.0,0.0]
[0.0,0.0]
[0.0,0.0]
[0.0,0.0]
[0.0,0.0]
[0.0,0.0]
[0.0,0.0]
[0.0,0.0]
[0.0,0.0]
[0.0,0.0]
[0.0,0.0]
[0.0,0.0]
[0.0,0.0]
[0.0,0.0]
[0.08235294117647059,0.08235294117647059]
[0.9921568627450981,0.9921568627450981]
[0.9882352941176471,0.9882352941176471]
[0.43529411764705883,0.43529411764705883]
[0.0,0.0]
[0.0,0.0]
[0.0,0.0]
[0.0,0.0]
[0.0,0.0]
[0.0,0.0]
[0.0,0.0]
[0.0,0.0]
[0.0,0.0]
[0.0,0.0]
[0.0,0.0]
[0.0,0.0]
[0.0,0.0]
[0.0,0.0]
[0.0,0.0]
[0.0,0.0]
[0.0,0.0]
[0.0,0.0]
[0.0,0.0]
[0.0,0.0]
[0.0,0.0]
[0.0,0.0]
[0.0,0.0]
[0.0,0.0]
[0.0,0.0]
[0.9921568627450981,0.9921568627450981]
[0.9882352941176471,0.9882352941176471]
[0.7176470588235294,0.7176470588235294]
[0.0,0.0]
[0.0,0.0]
[0.0,0.0]
[0.0,0.0]
[0.0,0.0]
[0.0,0.0]
[0.0,0.0]
[0.0,0.0]
[0.0,0.0]
[0.0,0.0]
[0.0,0.0]
[0.0,0.0]
[0.0,0.0]
[0.0,0.0]
[0.0,0.0]
[0.0,0.0]
[0.0,0.0]
[0.0,0.0]
[0.0,0.0]
[0.0,0.0]
[0.0,0.0]
[0.0,0.0]
[0.0,0.0]
[0.0,0.0]
[0.0,0.0]
[1.0,1.0]
[0.9921568627450981,0.9921568627450981]
[0.7215686274509804,0.7215686274509804]
[0.0,0.0]
[0.0,0.0]
[0.0,0.0]
[0.0,0.0]
[0.0,0.0]
[0.0,0.0]
[0.0,0.0]
[0.0,0.0]
[0.0,0.0]
[0.0,0.0]
[0.0,0.0]
[0.0,0.0]
[0.0,0.0]
[0.0,0.0]
[0.0,0.0]
[0.0,0.0]
[0.0,0.0]
[0.0,0.0]
[0.0,0.0]
[0.0,0.0]
[0.0,0.0]
[0.0,0.0]
[0.0,0.0]
[0.0,0.0]
[0.0,0.0]
[0.6235294117647059,0.6235294117647059]
[0.9882352941176471,0.9882352941176471]
[0.7686274509803922,0.7686274509803922]
[0.03529411764705882,0.03529411764705882]
[0.0,0.0]
[0.0,0.0]
[0.0,0.0]
[0.0,0.0]
[0.0,0.0]
[0.0,0.0]
[0.0,0.0]
[0.0,0.0]
[0.0,0.0]
[0.0,0.0]
[0.0,0.0]
[0.0,0.0]
[0.0,0.0]
[0.0,0.0]
[0.0,0.0]
[0.0,0.0]
[0.0,0.0]
[0.0,0.0]
[0.0,0.0]
[0.0,0.0]
[0.0,0.0]
[0.0,0.0]
[0.0,0.0]
[0.0,0.0]
[0.06666666666666667,0.06666666666666667]
[0.8901960784313725,0.8901960784313725]
[0.9882352941176471,0.9882352941176471]
[0.17647058823529413,0.17647058823529413]
[0.0,0.0]
[0.0,0.0]
[0.0,0.0]
[0.0,0.0]
[0.0,0.0]
[0.0,0.0]
[0.0,0.0]
[0.0,0.0]
[0.0,0.0]
[0.0,0.0]
[0.0,0.0]
[0.0,0.0]
[0.0,0.0]
[0.0,0.0]
[0.0,0.0]
[0.0,0.0]
[0.0,0.0]
[0.0,0.0]
[0.0,0.0]
[0.0,0.0]
[0.0,0.0]
[0.0,0.0]
[0.0,0.0]
[0.0,0.0]
[0.0,0.0]
[0.6313725490196078,0.6313725490196078]
[0.9882352941176471,0.9882352941176471]
[0.17647058823529413,0.17647058823529413]
[0.0,0.0]
[0.0,0.0]
[0.0,0.0]
[0.0,0.0]
[0.0,0.0]
[0.0,0.0]
[0.0,0.0]
[0.0,0.0]
[0.0,0.0]
[0.0,0.0]
[0.0,0.0]
[0.0,0.0]
[0.0,0.0]
[0.0,0.0]
[0.0,0.0]
[0.0,0.0]
[0.0,0.0]
[0.0,0.0]
[0.0,0.0]
[0.0,0.0]
[0.0,0.0]
[0.0,0.0]
[0.0,0.0]
[0.0,0.0]
[0.0,0.0]
[0.2235294117647059,0.2235294117647059]
[0.9882352941176471,0.9882352941176471]
[0.5882352941176471,0.5882352941176471]
[0.0,0.0]
[0.0,0.0]
[0.0,0.0]
[0.0,0.0]
[0.0,0.0]
[0.0,0.0]
[0.0,0.0]
[0.0,0.0]
[0.0,0.0]
[0.0,0.0]
[0.0,0.0]
[0.0,0.0]
[0.0,0.0]
[0.0,0.0]
[0.0,0.0]
[0.0,0.0]
[0.0,0.0]
[0.0,0.0]
[0.0,0.0]
[0.0,0.0]
[0.0,0.0]
[0.0,0.0]
[0.0,0.0]
[0.0,0.0]
[0.0,0.0]
[0.1843137254901961,0.1843137254901961]
[0.9921568627450981,0.9921568627450981]
[0.6313725490196078,0.6313725490196078]
[0.0,0.0]
[0.0,0.0]
[0.0,0.0]
[0.0,0.0]
[0.0,0.0]
[0.0,0.0]
[0.0,0.0]
[0.0,0.0]
[0.0,0.0]
[0.0,0.0]
[0.0,0.0]
[0.0,0.0]
[0.0,0.0]
[0.0,0.0]
[0.0,0.0]
[0.0,0.0]
[0.0,0.0]
[0.0,0.0]
[0.0,0.0]
[0.0,0.0]
[0.0,0.0]
[0.0,0.0]
[0.0,0.0]
[0.0,0.0]
[0.0,0.0]
[0.1843137254901961,0.1843137254901961]
[0.9882352941176471,0.9882352941176471]
[0.6274509803921569,0.6274509803921569]
[0.0,0.0]
[0.0,0.0]
[0.0,0.0]
[0.0,0.0]
[0.0,0.0]
[0.0,0.0]
[0.0,0.0]
[0.0,0.0]
[0.0,0.0]
[0.0,0.0]
[0.0,0.0]
[0.0,0.0]
[0.0,0.0]
[0.0,0.0]
[0.0,0.0]
[0.0,0.0]
[0.0,0.0]
[0.0,0.0]
[0.0,0.0]
[0.0,0.0]
[0.0,0.0]
[0.0,0.0]
[0.0,0.0]
[0.0,0.0]
[0.0,0.0]
[0.1843137254901961,0.1843137254901961]
[0.9882352941176471,0.9882352941176471]
[0.6274509803921569,0.6274509803921569]
[0.0,0.0]
[0.0,0.0]
[0.0,0.0]
[0.0,0.0]
[0.0,0.0]
[0.0,0.0]
[0.0,0.0]
[0.0,0.0]
[0.0,0.0]
[0.0,0.0]
[0.0,0.0]
[0.0,0.0]
[0.0,0.0]
[0.0,0.0]
[0.0,0.0]
[0.0,0.0]
[0.0,0.0]
[0.0,0.0]
[0.0,0.0]
[0.0,0.0]
[0.0,0.0]
[0.0,0.0]
[0.0,0.0]
[0.0,0.0]
[0.0,0.0]
[0.1843137254901961,0.1843137254901961]
[0.9882352941176471,0.9882352941176471]
[0.9254901960784314,0.9254901960784314]
[0.07450980392156863,0.07450980392156863]
[0.0,0.0]
[0.0,0.0]
[0.0,0.0]
[0.0,0.0]
[0.0,0.0]
[0.0,0.0]
[0.0,0.0]
[0.0,0.0]
[0.0,0.0]
[0.0,0.0]
[0.0,0.0]
[0.0,0.0]
[0.0,0.0]
[0.0,0.0]
[0.0,0.0]
[0.0,0.0]
[0.0,0.0]
[0.0,0.0]
[0.0,0.0]
[0.0,0.0]
[0.0,0.0]
[0.0,0.0]
[0.0,0.0]
[0.0,0.0]
[0.0196078431372549,0.0196078431372549]
[0.5372549019607843,0.5372549019607843]
[0.4549019607843137,0.4549019607843137]
[0.00784313725490196,0.00784313725490196]
[0.0,0.0]
[0.0,0.0]
[0.0,0.0]
[0.0,0.0]
[0.0,0.0]
[0.0,0.0]
[0.0,0.0]
[0.0,0.0]
[0.0,0.0]
[0.0,0.0]
[0.0,0.0]
[0.0,0.0]
[0.0,0.0]
[0.0,0.0]
[0.0,0.0]
[0.0,0.0]
[0.0,0.0]
[0.0,0.0]
[0.0,0.0]
[0.0,0.0]
[0.0,0.0]
[0.0,0.0]
[0.0,0.0]
[0.0,0.0]
[0.0,0.0]
[0.0,0.0]
[0.0,0.0]
[0.0,0.0]
[0.0,0.0]
[0.0,0.0]
[0.0,0.0]
[0.0,0.0]
[0.0,0.0]
[0.0,0.0]
[0.0,0.0]
[0.0,0.0]
[0.0,0.0]
[0.0,0.0]
[0.0,0.0]
[0.0,0.0]
[0.0,0.0]
[0.0,0.0]
[0.0,0.0]
[0.0,0.0]
[0.0,0.0]
[0.0,0.0]
[0.0,0.0]
[0.0,0.0]
[0.0,0.0]
[0.0,0.0]
[0.0,0.0]
[0.0,0.0]
[0.0,0.0]
[0.0,0.0]
[0.0,0.0]
[0.0,0.0]
[0.0,0.0]
[0.0,0.0]
[0.0,0.0]
[0.0,0.0]
[0.0,0.0]
[0.0,0.0]
[0.0,0.0]
[0.0,0.0]
[0.0,0.0]
[0.0,0.0]
[0.0,0.0]
[0.0,0.0]
[0.0,0.0]
[0.0,0.0]
[0.0,0.0]
[0.0,0.0]
[0.0,0.0]
[0.0,0.0]
[0.0,0.0]
[0.0,0.0]
[0.0,0.0]
[0.0,0.0]
[0.0,0.0]
[0.0,0.0]
[0.0,0.0]
[0.0,0.0]
[0.0,0.0]
[0.0,0.0]
[0.0,0.0]
[0.0,0.0]
[0.0,0.0]
[0.0,0.0]
[0.0,0.0]
[0.0,0.0]
[0.0,0.0]
[0.0,0.0]
[0.0,0.0]
[0.0,0.04]
[0.0,0.04]
[0.0,0.04]
[0.0,0.04]
[0.0,0.04]
[0.0,0.04]
[0.0,0.04]
[0.0,0.04]
[0.0,0.04]
[0.0,0.04]
[0.0,0.04]
[0.0,0.04]
[0.0,0.04]
[0.0,0.04]
[0.0,0.04]
[0.0,0.04]
[0.0,0.04]
[0.0,0.04]
[0.0,0.04]
[0.0,0.04]
[0.0,0.04]
[0.0,0.04]
[0.0,0.04]
[0.0,0.04]
[0.0,0.04]
[0.0,0.04]
[0.0,0.04]
[0.0,0.04]
[0.0,0.04]
[0.0,0.04]
[0.0,0.04]
[0.0,0.04]
[0.0,0.04]
[0.0,0.04]
[0.0,0.04]
[0.0,0.04]
[0.0,0.04]
[0.0,0.04]
[0.0,0.04]
[0.0,0.04]
[0.0,0.04]
[0.0,0.04]
[0.0,0.04]
[0.0,0.04]
[0.0,0.04]
[0.0,0.04]
[0.0,0.04]
[0.0,0.04]
[0.0,0.04]
[0.0,0.04]
[0.0,0.04]
[0.0,0.04]
[0.0,0.04]
[0.0,0.04]
[0.0,0.04]
[0.0,0.04]
[0.0,0.04]
[0.0,0.04]
[0.0,0.04]
[0.0,0.04]
[0.0,0.04]
[0.0,0.04]
[0.0,0.04]
[0.0,0.04]
[0.0,0.04]
[0.0,0.04]
[0.0,0.04]
[0.0,0.04]
[0.0,0.04]
[0.0,0.04]
[0.0,0.04]
[0.0,0.04]
[0.0,0.04]
[0.0,0.04]
[0.0,0.04]
[0.0,0.04]
[0.0,0.04]
[0.0,0.04]
[0.0,0.04]
[0.0,0.04]
[0.0,0.04]
[0.0,0.04]
[0.0,0.04]
[0.0,0.04]
[0.0,0.04]
[0.0,0.04]
[0.0,0.04]
[0.0,0.04]
[0.0,0.04]
[0.0,0.04]
[0.0,0.04]
[0.0,0.04]
[0.0,0.04]
[0.0,0.04]
[0.0,0.04]
[0.0,0.04]
[0.0,0.04]
[0.0,0.04]
[0.0,0.04]
[0.0,0.04]
[0.0,0.04]
[0.0,0.04]
[0.0,0.04]
[0.0,0.04]
[0.0,0.04]
[0.0,0.04]
[0.0,0.04]
[0.0,0.04]
[0.0,0.04]
[0.0,0.04]
[0.0,0.04]
[0.0,0.04]
[0.0,0.04]
[0.0,0.04]
[0.0,0.04]
[0.0,0.04]
[0.0,0.04]
[0.0,0.04]
[0.0,0.04]
[0.0,0.04]
[0.0,0.04]
[0.0,0.04]
[0.0,0.04]
[0.0,0.04]
[0.0,0.04]
[0.0,0.04]
[0.0,0.04]
[0.0,0.04]
[0.0,0.04]
[0.0,0.04]
[0.0,0.04]
[0.0,0.04]
[0.0,0.04]
[0.0,0.04]
[0.0,0.04]
[0.0,0.04]
[0.0,0.04]
[0.0,0.04]
[0.0,0.04]
[0.0,0.04]
[0.0,0.04]
[0.0,0.04]
[0.0,0.04]
[0.0,0.04]
[0.0,0.04]
[0.0,0.04]
[0.0,0.04]
[0.0,0.04]
[0.0,0.04]
[0.04627450980392157,0.12627450980392158]
[0.9207843137254902,1.0]
[0.29725490196078436,0.3772549019607843]
[0.0,0.0596078431372549]
[0.003137254901960783,0.08313725490196078]
[0.0,0.04]
[0.0,0.04]
[0.0,0.04]
[0.0,0.04]
[0.0,0.04]
[0.0,0.04]
[0.0,0.04]
[0.0,0.04]
[0.0,0.04]
[0.0,0.04]
[0.0,0.04]
[0.0,0.04]
[0.0,0.04]
[0.0,0.04]
[0.0,0.04]
[0.0,0.04]
[0.0,0.04]
[0.0,0.04]
[0.0,0.04]
[0.0,0.04]
[0.0,0.04]
[0.0,0.04]
[0.0,0.04]
[0.0,0.04]
[0.27372549019607845,0.3537254901960784]
[0.9011764705882352,0.9811764705882353]
[0.6541176470588235,0.7341176470588235]
[0.7560784313725489,0.836078431372549]
[0.0,0.04]
[0.0,0.04]
[0.0,0.04]
[0.0,0.04]
[0.0,0.04]
[0.0,0.04]
[0.0,0.04]
[0.0,0.04]
[0.0,0.04]
[0.0,0.04]
[0.0,0.04]
[0.0,0.04]
[0.0,0.04]
[0.0,0.04]
[0.0,0.04]
[0.0,0.04]
[0.0,0.04]
[0.0,0.04]
[0.0,0.04]
[0.0,0.04]
[0.0,0.04]
[0.0,0.04]
[0.0,0.04]
[0.0,0.04]
[0.0,0.04]
[0.6815686274509803,0.7615686274509804]
[0.9482352941176471,1.0]
[0.9482352941176471,1.0]
[0.0,0.04]
[0.0,0.04]
[0.0,0.04]
[0.0,0.04]
[0.0,0.04]
[0.0,0.04]
[0.0,0.04]
[0.0,0.04]
[0.0,0.04]
[0.0,0.04]
[0.0,0.04]
[0.0,0.04]
[0.0,0.04]
[0.0,0.04]
[0.0,0.04]
[0.0,0.04]
[0.0,0.04]
[0.0,0.04]
[0.0,0.04]
[0.0,0.04]
[0.0,0.04]
[0.0,0.04]
[0.0,0.04]
[0.0,0.04]
[0.0,0.04]
[0.6815686274509803,0.7615686274509804]
[0.9482352941176471,1.0]
[0.9482352941176471,1.0]
[0.0,0.04]
[0.0,0.04]
[0.0,0.04]
[0.0,0.04]
[0.0,0.04]
[0.0,0.04]
[0.0,0.04]
[0.0,0.04]
[0.0,0.04]
[0.0,0.04]
[0.0,0.04]
[0.0,0.04]
[0.0,0.04]
[0.0,0.04]
[0.0,0.04]
[0.0,0.04]
[0.0,0.04]
[0.0,0.04]
[0.0,0.04]
[0.0,0.04]
[0.0,0.04]
[0.0,0.04]
[0.0,0.04]
[0.0,0.04]
[0.0,0.04]
[0.4737254901960784,0.5537254901960784]
[0.9482352941176471,1.0]
[0.9482352941176471,1.0]
[0.37568627450980396,0.4556862745098039]
[0.0,0.04]
[0.0,0.04]
[0.0,0.04]
[0.0,0.04]
[0.0,0.04]
[0.0,0.04]
[0.0,0.04]
[0.0,0.04]
[0.0,0.04]
[0.0,0.04]
[0.0,0.04]
[0.0,0.04]
[0.0,0.04]
[0.0,0.04]
[0.0,0.04]
[0.0,0.04]
[0.0,0.04]
[0.0,0.04]
[0.0,0.04]
[0.0,0.04]
[0.0,0.04]
[0.0,0.04]
[0.0,0.04]
[0.0,0.04]
[0.08549019607843136,0.16549019607843138]
[0.8580392156862745,0.9380392156862746]
[0.952156862745098,1.0]
[0.9168627450980392,0.9968627450980393]
[0.156078431372549,0.23607843137254902]
[0.0,0.04]
[0.0,0.04]
[0.0,0.04]
[0.0,0.04]
[0.0,0.04]
[0.0,0.04]
[0.0,0.04]
[0.0,0.04]
[0.0,0.04]
[0.0,0.04]
[0.0,0.04]
[0.0,0.04]
[0.0,0.04]
[0.0,0.04]
[0.0,0.04]
[0.0,0.04]
[0.0,0.04]
[0.0,0.04]
[0.0,0.04]
[0.0,0.04]
[0.0,0.04]
[0.0,0.04]
[0.0,0.04]
[0.0,0.04]
[0.48156862745098045,0.5615686274509805]
[0.9482352941176471,1.0]
[0.952156862745098,1.0]
[0.4031372549019608,0.48313725490196074]
[0.0,0.04]
[0.0,0.04]
[0.0,0.04]
[0.0,0.04]
[0.0,0.04]
[0.0,0.04]
[0.0,0.04]
[0.0,0.04]
[0.0,0.04]
[0.0,0.04]
[0.0,0.04]
[0.0,0.04]
[0.0,0.04]
[0.0,0.04]
[0.0,0.04]
[0.0,0.04]
[0.0,0.04]
[0.0,0.04]
[0.0,0.04]
[0.0,0.04]
[0.0,0.04]
[0.0,0.04]
[0.0,0.04]
[0.0,0.04]
[0.22666666666666666,0.30666666666666664]
[0.8031372549019608,0.8831372549019608]
[0.952156862745098,1.0]
[0.8188235294117646,0.8988235294117647]
[0.034509803921568626,0.11450980392156862]
[0.0,0.04]
[0.0,0.04]
[0.0,0.04]
[0.0,0.04]
[0.0,0.04]
[0.0,0.04]
[0.0,0.04]
[0.0,0.04]
[0.0,0.04]
[0.0,0.04]
[0.0,0.04]
[0.0,0.04]
[0.0,0.04]
[0.0,0.04]
[0.0,0.04]
[0.0,0.04]
[0.0,0.04]
[0.0,0.04]
[0.0,0.04]
[0.0,0.04]
[0.0,0.04]
[0.0,0.04]
[0.0,0.04]
[0.0,0.04]
[0.042352941176470586,0.12235294117647058]
[0.952156862745098,1.0]
[0.9482352941176471,1.0]
[0.39529411764705885,0.4752941176470588]
[0.0,0.04]
[0.0,0.04]
[0.0,0.04]
[0.0,0.04]
[0.0,0.04]
[0.0,0.04]
[0.0,0.04]
[0.0,0.04]
[0.0,0.04]
[0.0,0.04]
[0.0,0.04]
[0.0,0.04]
[0.0,0.04]
[0.0,0.04]
[0.0,0.04]
[0.0,0.04]
[0.0,0.04]
[0.0,0.04]
[0.0,0.04]
[0.0,0.04]
[0.0,0.04]
[0.0,0.04]
[0.0,0.04]
[0.0,0.04]
[0.0,0.04]
[0.952156862745098,1.0]
[0.9482352941176471,1.0]
[0.6776470588235294,0.7576470588235295]
[0.0,0.04]
[0.0,0.04]
[0.0,0.04]
[0.0,0.04]
[0.0,0.04]
[0.0,0.04]
[0.0,0.04]
[0.0,0.04]
[0.0,0.04]
[0.0,0.04]
[0.0,0.04]
[0.0,0.04]
[0.0,0.04]
[0.0,0.04]
[0.0,0.04]
[0.0,0.04]
[0.0,0.04]
[0.0,0.04]
[0.0,0.04]
[0.0,0.04]
[0.0,0.04]
[0.0,0.04]
[0.0,0.04]
[0.0,0.04]
[0.0,0.04]
[0.96,1.0]
[0.952156862745098,1.0]
[0.6815686274509803,0.7615686274509804]
[0.0,0.04]
[0.0,0.04]
[0.0,0.04]
[0.0,0.04]
[0.0,0.04]
[0.0,0.04]
[0.0,0.04]
[0.0,0.04]
[0.0,0.04]
[0.0,0.04]
[0.0,0.04]
[0.0,0.04]
[0.0,0.04]
[0.0,0.04]
[0.0,0.04]
[0.0,0.04]
[0.0,0.04]
[0.0,0.04]
[0.0,0.04]
[0.0,0.04]
[0.0,0.04]
[0.0,0.04]
[0.0,0.04]
[0.0,0.04]
[0.0,0.04]
[0.5835294117647059,0.6635294117647059]
[0.9482352941176471,1.0]
[0.7286274509803922,0.8086274509803922]
[0.0,0.07529411764705882]
[0.0,0.04]
[0.0,0.04]
[0.0,0.04]
[0.0,0.04]
[0.0,0.04]
[0.0,0.04]
[0.0,0.04]
[0.0,0.04]
[0.0,0.04]
[0.0,0.04]
[0.0,0.04]
[0.0,0.04]
[0.0,0.04]
[0.0,0.04]
[0.0,0.04]
[0.0,0.04]
[0.0,0.04]
[0.0,0.04]
[0.0,0.04]
[0.0,0.04]
[0.0,0.04]
[0.0,0.04]
[0.0,0.04]
[0.0,0.04]
[0.026666666666666665,0.10666666666666666]
[0.8501960784313725,0.9301960784313725]
[0.9482352941176471,1.0]
[0.13647058823529412,0.21647058823529414]
[0.0,0.04]
[0.0,0.04]
[0.0,0.04]
[0.0,0.04]
[0.0,0.04]
[0.0,0.04]
[0.0,0.04]
[0.0,0.04]
[0.0,0.04]
[0.0,0.04]
[0.0,0.04]
[0.0,0.04]
[0.0,0.04]
[0.0,0.04]
[0.0,0.04]
[0.0,0.04]
[0.0,0.04]
[0.0,0.04]
[0.0,0.04]
[0.0,0.04]
[0.0,0.04]
[0.0,0.04]
[0.0,0.04]
[0.0,0.04]
[0.0,0.04]
[0.5913725490196078,0.6713725490196079]
[0.9482352941176471,1.0]
[0.13647058823529412,0.21647058823529414]
[0.0,0.04]
[0.0,0.04]
[0.0,0.04]
[0.0,0.04]
[0.0,0.04]
[0.0,0.04]
[0.0,0.04]
[0.0,0.04]
[0.0,0.04]
[0.0,0.04]
[0.0,0.04]
[0.0,0.04]
[0.0,0.04]
[0.0,0.04]
[0.0,0.04]
[0.0,0.04]
[0.0,0.04]
[0.0,0.04]
[0.0,0.04]
[0.0,0.04]
[0.0,0.04]
[0.0,0.04]
[0.0,0.04]
[0.0,0.04]
[0.0,0.04]
[0.18352941176470589,0.2635294117647059]
[0.9482352941176471,1.0]
[0.548235294117647,0.6282352941176471]
[0.0,0.04]
[0.0,0.04]
[0.0,0.04]
[0.0,0.04]
[0.0,0.04]
[0.0,0.04]
[0.0,0.04]
[0.0,0.04]
[0.0,0.04]
[0.0,0.04]
[0.0,0.04]
[0.0,0.04]
[0.0,0.04]
[0.0,0.04]
[0.0,0.04]
[0.0,0.04]
[0.0,0.04]
[0.0,0.04]
[0.0,0.04]
[0.0,0.04]
[0.0,0.04]
[0.0,0.04]
[0.0,0.04]
[0.0,0.04]
[0.0,0.04]
[0.14431372549019608,0.2243137254901961]
[0.952156862745098,1.0]
[0.5913725490196078,0.6713725490196079]
[0.0,0.04]
[0.0,0.04]
[0.0,0.04]
[0.0,0.04]
[0.0,0.04]
[0.0,0.04]
[0.0,0.04]
[0.0,0.04]
[0.0,0.04]
[0.0,0.04]
[0.0,0.04]
[0.0,0.04]
[0.0,0.04]
[0.0,0.04]
[0.0,0.04]
[0.0,0.04]
[0.0,0.04]
[0.0,0.04]
[0.0,0.04]
[0.0,0.04]
[0.0,0.04]
[0.0,0.04]
[0.0,0.04]
[0.0,0.04]
[0.0,0.04]
[0.14431372549019608,0.2243137254901961]
[0.9482352941176471,1.0]
[0.5874509803921568,0.6674509803921569]
[0.0,0.04]
[0.0,0.04]
[0.0,0.04]
[0.0,0.04]
[0.0,0.04]
[0.0,0.04]
[0.0,0.04]
[0.0,0.04]
[0.0,0.04]
[0.0,0.04]
[0.0,0.04]
[0.0,0.04]
[0.0,0.04]
[0.0,0.04]
[0.0,0.04]
[0.0,0.04]
[0.0,0.04]
[0.0,0.04]
[0.0,0.04]
[0.0,0.04]
[0.0,0.04]
[0.0,0.04]
[0.0,0.04]
[0.0,0.04]
[0.0,0.04]
[0.14431372549019608,0.2243137254901961]
[0.9482352941176471,1.0]
[0.5874509803921568,0.6674509803921569]
[0.0,0.04]
[0.0,0.04]
[0.0,0.04]
[0.0,0.04]
[0.0,0.04]
[0.0,0.04]
[0.0,0.04]
[0.0,0.04]
[0.0,0.04]
[0.0,0.04]
[0.0,0.04]
[0.0,0.04]
[0.0,0.04]
[0.0,0.04]
[0.0,0.04]
[0.0,0.04]
[0.0,0.04]
[0.0,0.04]
[0.0,0.04]
[0.0,0.04]
[0.0,0.04]
[0.0,0.04]
[0.0,0.04]
[0.0,0.04]
[0.0,0.04]
[0.14431372549019608,0.2243137254901961]
[0.9482352941176471,1.0]
[0.8854901960784314,0.9654901960784315]
[0.034509803921568626,0.11450980392156862]
[0.0,0.04]
[0.0,0.04]
[0.0,0.04]
[0.0,0.04]
[0.0,0.04]
[0.0,0.04]
[0.0,0.04]
[0.0,0.04]
[0.0,0.04]
[0.0,0.04]
[0.0,0.04]
[0.0,0.04]
[0.0,0.04]
[0.0,0.04]
[0.0,0.04]
[0.0,0.04]
[0.0,0.04]
[0.0,0.04]
[0.0,0.04]
[0.0,0.04]
[0.0,0.04]
[0.0,0.04]
[0.0,0.04]
[0.0,0.04]
[0.0,0.0596078431372549]
[0.4972549019607843,0.5772549019607843]
[0.41490196078431374,0.4949019607843137]
[0.0,0.04784313725490196]
[0.0,0.04]
[0.0,0.04]
[0.0,0.04]
[0.0,0.04]
[0.0,0.04]
[0.0,0.04]
[0.0,0.04]
[0.0,0.04]
[0.0,0.04]
[0.0,0.04]
[0.0,0.04]
[0.0,0.04]
[0.0,0.04]
[0.0,0.04]
[0.0,0.04]
[0.0,0.04]
[0.0,0.04]
[0.0,0.04]
[0.0,0.04]
[0.0,0.04]
[0.0,0.04]
[0.0,0.04]
[0.0,0.04]
[0.0,0.04]
[0.0,0.04]
[0.0,0.04]
[0.0,0.04]
[0.0,0.04]
[0.0,0.04]
[0.0,0.04]
[0.0,0.04]
[0.0,0.04]
[0.0,0.04]
[0.0,0.04]
[0.0,0.04]
[0.0,0.04]
[0.0,0.04]
[0.0,0.04]
[0.0,0.04]
[0.0,0.04]
[0.0,0.04]
[0.0,0.04]
[0.0,0.04]
[0.0,0.04]
[0.0,0.04]
[0.0,0.04]
[0.0,0.04]
[0.0,0.04]
[0.0,0.04]
[0.0,0.04]
[0.0,0.04]
[0.0,0.04]
[0.0,0.04]
[0.0,0.04]
[0.0,0.04]
[0.0,0.04]
[0.0,0.04]
[0.0,0.04]
[0.0,0.04]
[0.0,0.04]
[0.0,0.04]
[0.0,0.04]
[0.0,0.04]
[0.0,0.04]
[0.0,0.04]
[0.0,0.04]
[0.0,0.04]
[0.0,0.04]
[0.0,0.04]
[0.0,0.04]
[0.0,0.04]
[0.0,0.04]
[0.0,0.04]
[0.0,0.04]
[0.0,0.04]
[0.0,0.04]
[0.0,0.04]
[0.0,0.04]
[0.0,0.04]
[0.0,0.04]
[0.0,0.04]
[0.0,0.04]
[0.0,0.04]
[0.0,0.04]
[0.0,0.04]
[0.0,0.04]
[0.0,0.04]
[0.0,0.04]
[0.0,0.04]
[0.0,0.04]
[0.0,0.04]
[0.0,0.04]
[0.0,0.04]
