[0.0,0.0]
[0.0,0.0]
[0.0,0.0]
[0.0,0.0]
[0.0,0.0]
[0.0,0.0]
[0.0,0.0]
[0.0,0.0]
[0.01568627450980392,0.01568627450980392]
[0.0,0.0]
[0.0,0.0]
[0.0,0.0]
[0.011764705882352941,0.011764705882352941]
[0.0,0.0]
[0.0,0.0]
[0.00784313725490196,0.00784313725490196]
[0.0,0.0]
[0.0,0.0]
[0.0,0.0]
[0.0196078431372549,0.0196078431372549]
[0.00784313725490196,0.00784313725490196]
[0.0,0.0]
[0.0,0.0]
[0.0196078431372549,0.0196078431372549]
[0.0,0.0]
[0.0,0.0]
[0.0,0.0]
[0.0,0.0]
[0.0,0.0]
[0.0,0.0]
[0.0,0.0]
[0.0,0.0]
[0.0,0.0]
[0.0,0.0]
[0.0,0.0]
[0.0,0.0]
[0.0,0.0]
[0.0,0.0]
[0.03137254901960784,0.03137254901960784]
[0.047058823529411764,0.047058823529411764]
[0.01568627450980392,0.01568627450980392]
[0.0,0.0]
[0.0,0.0]
[0.0196078431372549,0.0196078431372549]
[0.00392156862745098,0.00392156862745098]
[0.0,0.0]
[0.00784313725490196,0.00784313725490196]
[0.0196078431372549,0.0196078431372549]
[0.0196078431372549,0.0196078431372549]
[0.00392156862745098,0.00392156862745098]
[0.0,0.0]
[0.0,0.0]
[0.0,0.0]
[0.0,0.0]
[0.0,0.0]
[0.0,0.0]
[0.0,0.0]
[0.0,0.0]
[0.0,0.0]
[0.0,0.0]
[0.0,0.0]
[0.0,0.0]
[0.0,0.0]
[0.0,0.0]
[0.027450980392156862,0.027450980392156862]
[0.0,0.0]
[0.0,0.0]
[0.0196078431372549,0.0196078431372549]
[0.0,0.0]
[0.0,0.0]
[0.00784313725490196,0.00784313725490196]
[0.0,0.0]
[0.027450980392156862,0.027450980392156862]
[0.01568627450980392,0.01568627450980392]
[0.0,0.0]
[0.0,0.0]
[0.0,0.0]
[0.01568627450980392,0.01568627450980392]
[0.01568627450980392,0.01568627450980392]
[0.0,0.0]
[0.0,0.0]
[0.0,0.0]
[0.0,0.0]
[0.0,0.0]
[0.0,0.0]
[0.0,0.0]
[0.0,0.0]
[0.0,0.0]
[0.0,0.0]
[0.0,0.0]
[0.0,0.0]
[0.0,0.0]
[0.043137254901960784,0.043137254901960784]
[0.0,0.0]
[0.0,0.0]
[0.0,0.0]
[0.0,0.0]
[0.01568627450980392,0.01568627450980392]
[0.023529411764705882,0.023529411764705882]
[0.0,0.0]
[0.00392156862745098,0.00392156862745098]
[0.00784313725490196,0.00784313725490196]
[0.0,0.0]
[0.0,0.0]
[0.0,0.0]
[0.00784313725490196,0.00784313725490196]
[0.00392156862745098,0.00392156862745098]
[0.0,0.0]
[0.0,0.0]
[0.0,0.0]
[0.0,0.0]
[0.0,0.0]
[0.0,0.0]
[0.0,0.0]
[0.0,0.0]
[0.0,0.0]
[0.0,0.0]
[0.0,0.0]
[0.0,0.0]
[0.0,0.0]
[0.0,0.0]
[0.00392156862745098,0.00392156862745098]
[0.03529411764705882,0.03529411764705882]
[0.0392156862745098,0.0392156862745098]
[0.00392156862745098,0.00392156862745098]
[0.0,0.0]
[0.00784313725490196,0.00784313725490196]
[0.00784313725490196,0.00784313725490196]
[0.0,0.0]
[0.00392156862745098,0.00392156862745098]
[0.027450980392156862,0.027450980392156862]
[0.027450980392156862,0.027450980392156862]
[0.0196078431372549,0.0196078431372549]
[0.01568627450980392,0.01568627450980392]
[0.011764705882352941,0.011764705882352941]
[0.0,0.0]
[0.0,0.0]
[0.0,0.0]
[0.0,0.0]
[0.0,0.0]
[0.0,0.0]
[0.0,0.0]
[0.0,0.0]
[0.0,0.0]
[0.0,0.0]
[0.0,0.0]
[0.0,0.0]
[0.0,0.0]
[0.0,0.0]
[0.0,0.0]
[0.0,0.0]
[0.0,0.0]
[0.0,0.0]
[0.00784313725490196,0.00784313725490196]
[0.0,0.0]
[0.011764705882352941,0.011764705882352941]
[0.00392156862745098,0.00392156862745098]
[0.0,0.0]
[0.0,0.0]
[0.0,0.0]
[0.0,0.0]
[0.0,0.0]
[0.0,0.0]
[0.01568627450980392,0.01568627450980392]
[0.0,0.0]
[0.0,0.0]
[0.0,0.0]
[0.0,0.0]
[0.0,0.0]
[0.0,0.0]
[0.0,0.0]
[0.0,0.0]
[0.0,0.0]
[0.0,0.0]
[0.0,0.0]
[0.0,0.0]
[0.0,0.0]
[0.07058823529411765,0.07058823529411765]
[0.054901960784313725,0.054901960784313725]
[0.10980392156862745,0.10980392156862745]
[0.3176470588235294,0.3176470588235294]
[0.3764705882352941,0.3764705882352941]
[0.3176470588235294,0.3176470588235294]
[0.34509803921568627,0.34509803921568627]
[0.3568627450980392,0.3568627450980392]
[0.3254901960784314,0.3254901960784314]
[0.3176470588235294,0.3176470588235294]
[0.3176470588235294,0.3176470588235294]
[0.23921568627450981,0.23921568627450981]
[0.09803921568627451,0.09803921568627451]
[0.00392156862745098,0.00392156862745098]
[0.0,0.0]
[0.0,0.0]
[0.0,0.0]
[0.0,0.0]
[0.0,0.0]
[0.0,0.0]
[0.0,0.0]
[0.0,0.0]
[0.0,0.0]
[0.0,0.0]
[0.0,0.0]
[0.0,0.0]
[0.0,0.0]
[0.047058823529411764,0.047058823529411764]
[0.3215686274509804,0.3215686274509804]
[0.49019607843137253,0.49019607843137253]
[0.6745098039215687,0.6745098039215687]
[0.9647058823529412,0.9647058823529412]
[1.0,1.0]
[0.9450980392156862,0.9450980392156862]
[1.0,1.0]
[0.9647058823529412,0.9647058823529412]
[0.9568627450980393,0.9568627450980393]
[1.0,1.0]
[1.0,1.0]
[0.8627450980392157,0.8627450980392157]
[0.5176470588235295,0.5176470588235295]
[0.19607843137254902,0.19607843137254902]
[0.0392156862745098,0.0392156862745098]
[0.0,0.0]
[0.0,0.0]
[0.0,0.0]
[0.0,0.0]
[0.0,0.0]
[0.03137254901960784,0.03137254901960784]
[0.0,0.0]
[0.0,0.0]
[0.047058823529411764,0.047058823529411764]
[0.0,0.0]
[0.0,0.0]
[0.32941176470588235,0.32941176470588235]
[0.6313725490196078,0.6313725490196078]
[0.9254901960784314,0.9254901960784314]
[0.984313725490196,0.984313725490196]
[1.0,1.0]
[0.9803921568627451,0.9803921568627451]
[1.0,1.0]
[0.9764705882352941,0.9764705882352941]
[0.9647058823529412,0.9647058823529412]
[1.0,1.0]
[0.9294117647058824,0.9294117647058824]
[0.9803921568627451,0.9803921568627451]
[0.9686274509803922,0.9686274509803922]
[1.0,1.0]
[0.9215686274509803,0.9215686274509803]
[0.8313725490196079,0.8313725490196079]
[0.21568627450980393,0.21568627450980393]
[0.0,0.0]
[0.0,0.0]
[0.043137254901960784,0.043137254901960784]
[0.023529411764705882,0.023529411764705882]
[0.0,0.0]
[0.0,0.0]
[0.00392156862745098,0.00392156862745098]
[0.0196078431372549,0.0196078431372549]
[0.00784313725490196,0.00784313725490196]
[0.0,0.0]
[0.07450980392156863,0.07450980392156863]
[0.4745098039215686,0.4745098039215686]
[1.0,1.0]
[0.9568627450980393,0.9568627450980393]
[0.9803921568627451,0.9803921568627451]
[0.9803921568627451,0.9803921568627451]
[0.9137254901960784,0.9137254901960784]
[0.9490196078431372,0.9490196078431372]
[1.0,1.0]
[1.0,1.0]
[0.9058823529411765,0.9058823529411765]
[0.9882352941176471,0.9882352941176471]
[1.0,1.0]
[0.984313725490196,0.984313725490196]
[0.9176470588235294,0.9176470588235294]
[1.0,1.0]
[0.9882352941176471,0.9882352941176471]
[0.3333333333333333,0.3333333333333333]
[0.06274509803921569,0.06274509803921569]
[0.011764705882352941,0.011764705882352941]
[0.0,0.0]
[0.0,0.0]
[0.043137254901960784,0.043137254901960784]
[0.0,0.0]
[0.0,0.0]
[0.03137254901960784,0.03137254901960784]
[0.0,0.0]
[0.0,0.0]
[0.45098039215686275,0.45098039215686275]
[0.9803921568627451,0.9803921568627451]
[0.9686274509803922,0.9686274509803922]
[0.9019607843137255,0.9019607843137255]
[1.0,1.0]
[0.8274509803921568,0.8274509803921568]
[0.8588235294117647,0.8588235294117647]
[0.8313725490196079,0.8313725490196079]
[0.796078431372549,0.796078431372549]
[0.7019607843137254,0.7019607843137254]
[0.01568627450980392,0.01568627450980392]
[0.050980392156862744,0.050980392156862744]
[0.0,0.0]
[0.0196078431372549,0.0196078431372549]
[0.23137254901960785,0.23137254901960785]
[0.9333333333333333,0.9333333333333333]
[0.9882352941176471,0.9882352941176471]
[0.30196078431372547,0.30196078431372547]
[0.0,0.0]
[0.0,0.0]
[0.0,0.0]
[0.011764705882352941,0.011764705882352941]
[0.0,0.0]
[0.01568627450980392,0.01568627450980392]
[0.00784313725490196,0.00784313725490196]
[0.0,0.0]
[0.027450980392156862,0.027450980392156862]
[0.25882352941176473,0.25882352941176473]
[0.9137254901960784,0.9137254901960784]
[0.9921568627450981,0.9921568627450981]
[1.0,1.0]
[1.0,1.0]
[0.807843137254902,0.807843137254902]
[0.0,0.0]
[0.00784313725490196,0.00784313725490196]
[0.023529411764705882,0.023529411764705882]
[0.0,0.0]
[0.0,0.0]
[0.0,0.0]
[0.03137254901960784,0.03137254901960784]
[0.0,0.0]
[0.023529411764705882,0.023529411764705882]
[0.12156862745098039,0.12156862745098039]
[0.7647058823529411,0.7647058823529411]
[0.9921568627450981,0.9921568627450981]
[0.5568627450980392,0.5568627450980392]
[0.09411764705882353,0.09411764705882353]
[0.054901960784313725,0.054901960784313725]
[0.011764705882352941,0.011764705882352941]
[0.011764705882352941,0.011764705882352941]
[0.0,0.0]
[0.01568627450980392,0.01568627450980392]
[0.00784313725490196,0.00784313725490196]
[0.00784313725490196,0.00784313725490196]
[0.01568627450980392,0.01568627450980392]
[0.11764705882352941,0.11764705882352941]
[0.9607843137254902,0.9607843137254902]
[1.0,1.0]
[0.9450980392156862,0.9450980392156862]
[0.984313725490196,0.984313725490196]
[0.7843137254901961,0.7843137254901961]
[0.0,0.0]
[0.011764705882352941,0.011764705882352941]
[0.0196078431372549,0.0196078431372549]
[0.0,0.0]
[0.0,0.0]
[0.043137254901960784,0.043137254901960784]
[0.03529411764705882,0.03529411764705882]
[0.0,0.0]
[0.0,0.0]
[0.0,0.0]
[0.35294117647058826,0.35294117647058826]
[0.9215686274509803,0.9215686274509803]
[1.0,1.0]
[0.10588235294117647,0.10588235294117647]
[0.0,0.0]
[0.011764705882352941,0.011764705882352941]
[0.0,0.0]
[0.043137254901960784,0.043137254901960784]
[0.0,0.0]
[0.0,0.0]
[0.0196078431372549,0.0196078431372549]
[0.0,0.0]
[0.16470588235294117,0.16470588235294117]
[0.9411764705882353,0.9411764705882353]
[1.0,1.0]
[0.5568627450980392,0.5568627450980392]
[0.37254901960784315,0.37254901960784315]
[0.3215686274509804,0.3215686274509804]
[0.023529411764705882,0.023529411764705882]
[0.0,0.0]
[0.0,0.0]
[0.023529411764705882,0.023529411764705882]
[0.01568627450980392,0.01568627450980392]
[0.00392156862745098,0.00392156862745098]
[0.0,0.0]
[0.0,0.0]
[0.03529411764705882,0.03529411764705882]
[0.03529411764705882,0.03529411764705882]
[0.11764705882352941,0.11764705882352941]
[0.6470588235294118,0.6470588235294118]
[0.9333333333333333,0.9333333333333333]
[0.23137254901960785,0.23137254901960785]
[0.0,0.0]
[0.0,0.0]
[0.0,0.0]
[0.0,0.0]
[0.023529411764705882,0.023529411764705882]
[0.0,0.0]
[0.0,0.0]
[0.03137254901960784,0.03137254901960784]
[0.8470588235294118,0.8470588235294118]
[1.0,1.0]
[0.5294117647058824,0.5294117647058824]
[0.054901960784313725,0.054901960784313725]
[0.0,0.0]
[0.0,0.0]
[0.0196078431372549,0.0196078431372549]
[0.0,0.0]
[0.0,0.0]
[0.01568627450980392,0.01568627450980392]
[0.0,0.0]
[0.011764705882352941,0.011764705882352941]
[0.027450980392156862,0.027450980392156862]
[0.0,0.0]
[0.0,0.0]
[0.0,0.0]
[0.0,0.0]
[0.5450980392156862,0.5450980392156862]
[1.0,1.0]
[0.796078431372549,0.796078431372549]
[0.07450980392156863,0.07450980392156863]
[0.03529411764705882,0.03529411764705882]
[0.0,0.0]
[0.0,0.0]
[0.00392156862745098,0.00392156862745098]
[0.01568627450980392,0.01568627450980392]
[0.0,0.0]
[0.011764705882352941,0.011764705882352941]
[1.0,1.0]
[0.8745098039215686,0.8745098039215686]
[0.43529411764705883,0.43529411764705883]
[0.0,0.0]
[0.09019607843137255,0.09019607843137255]
[0.0,0.0]
[0.0,0.0]
[0.0,0.0]
[0.0392156862745098,0.0392156862745098]
[0.0,0.0]
[0.0,0.0]
[0.0,0.0]
[0.047058823529411764,0.047058823529411764]
[0.0,0.0]
[0.0,0.0]
[0.00784313725490196,0.00784313725490196]
[0.08627450980392157,0.08627450980392157]
[0.5568627450980392,0.5568627450980392]
[0.9803921568627451,0.9803921568627451]
[0.9686274509803922,0.9686274509803922]
[0.011764705882352941,0.011764705882352941]
[0.0,0.0]
[0.00392156862745098,0.00392156862745098]
[0.0,0.0]
[0.011764705882352941,0.011764705882352941]
[0.0,0.0]
[0.0,0.0]
[0.0,0.0]
[1.0,1.0]
[0.5803921568627451,0.5803921568627451]
[0.050980392156862744,0.050980392156862744]
[0.011764705882352941,0.011764705882352941]
[0.0,0.0]
[0.0,0.0]
[0.03137254901960784,0.03137254901960784]
[0.0,0.0]
[0.0,0.0]
[0.00784313725490196,0.00784313725490196]
[0.0,0.0]
[0.0,0.0]
[0.00784313725490196,0.00784313725490196]
[0.0196078431372549,0.0196078431372549]
[0.0,0.0]
[0.3803921568627451,0.3803921568627451]
[0.5843137254901961,0.5843137254901961]
[0.9215686274509803,0.9215686274509803]
[1.0,1.0]
[0.6588235294117647,0.6588235294117647]
[0.06666666666666667,0.06666666666666667]
[0.0,0.0]
[0.0,0.0]
[0.023529411764705882,0.023529411764705882]
[0.0,0.0]
[0.011764705882352941,0.011764705882352941]
[0.03529411764705882,0.03529411764705882]
[0.011764705882352941,0.011764705882352941]
[0.9411764705882353,0.9411764705882353]
[0.8901960784313725,0.8901960784313725]
[0.20392156862745098,0.20392156862745098]
[0.0,0.0]
[0.023529411764705882,0.023529411764705882]
[0.0196078431372549,0.0196078431372549]
[0.00392156862745098,0.00392156862745098]
[0.0,0.0]
[0.0,0.0]
[0.054901960784313725,0.054901960784313725]
[0.0,0.0]
[0.0,0.0]
[0.0,0.0]
[0.40784313725490196,0.40784313725490196]
[0.5019607843137255,0.5019607843137255]
[0.9607843137254902,0.9607843137254902]
[0.9450980392156862,0.9450980392156862]
[1.0,1.0]
[0.9568627450980393,0.9568627450980393]
[0.23529411764705882,0.23529411764705882]
[0.0,0.0]
[0.0,0.0]
[0.0392156862745098,0.0392156862745098]
[0.0,0.0]
[0.0,0.0]
[0.0,0.0]
[0.0,0.0]
[0.0,0.0]
[1.0,1.0]
[0.996078431372549,0.996078431372549]
[0.803921568627451,0.803921568627451]
[0.20392156862745098,0.20392156862745098]
[0.07450980392156863,0.07450980392156863]
[0.0,0.0]
[0.0,0.0]
[0.0,0.0]
[0.11372549019607843,0.11372549019607843]
[0.4549019607843137,0.4549019607843137]
[0.6784313725490196,0.6784313725490196]
[0.6745098039215687,0.6745098039215687]
[0.7411764705882353,0.7411764705882353]
[0.8156862745098039,0.8156862745098039]
[0.9372549019607843,0.9372549019607843]
[1.0,1.0]
[1.0,1.0]
[0.9607843137254902,0.9607843137254902]
[0.5607843137254902,0.5607843137254902]
[0.01568627450980392,0.01568627450980392]
[0.0,0.0]
[0.050980392156862744,0.050980392156862744]
[0.00784313725490196,0.00784313725490196]
[0.03529411764705882,0.03529411764705882]
[0.03529411764705882,0.03529411764705882]
[0.0,0.0]
[0.0,0.0]
[0.10588235294117647,0.10588235294117647]
[0.9490196078431372,0.9490196078431372]
[0.9803921568627451,0.9803921568627451]
[0.9803921568627451,0.9803921568627451]
[0.8784313725490196,0.8784313725490196]
[0.8117647058823529,0.8117647058823529]
[0.788235294117647,0.788235294117647]
[0.8745098039215686,0.8745098039215686]
[0.8392156862745098,0.8392156862745098]
[0.7843137254901961,0.7843137254901961]
[0.9176470588235294,0.9176470588235294]
[1.0,1.0]
[0.9882352941176471,0.9882352941176471]
[0.8980392156862745,0.8980392156862745]
[0.9921568627450981,0.9921568627450981]
[0.9686274509803922,0.9686274509803922]
[0.9882352941176471,0.9882352941176471]
[0.996078431372549,0.996078431372549]
[0.5058823529411764,0.5058823529411764]
[0.09019607843137255,0.09019607843137255]
[0.03137254901960784,0.03137254901960784]
[0.03529411764705882,0.03529411764705882]
[0.050980392156862744,0.050980392156862744]
[0.0,0.0]
[0.0,0.0]
[0.00392156862745098,0.00392156862745098]
[0.027450980392156862,0.027450980392156862]
[0.0,0.0]
[0.0,0.0]
[0.15294117647058825,0.15294117647058825]
[0.9882352941176471,0.9882352941176471]
[1.0,1.0]
[0.9450980392156862,0.9450980392156862]
[0.996078431372549,0.996078431372549]
[0.996078431372549,0.996078431372549]
[1.0,1.0]
[0.984313725490196,0.984313725490196]
[1.0,1.0]
[1.0,1.0]
[0.9803921568627451,0.9803921568627451]
[1.0,1.0]
[0.984313725490196,0.984313725490196]
[1.0,1.0]
[0.8745098039215686,0.8745098039215686]
[0.7137254901960784,0.7137254901960784]
[0.0,0.0]
[0.0,0.0]
[0.00784313725490196,0.00784313725490196]
[0.0,0.0]
[0.00784313725490196,0.00784313725490196]
[0.00392156862745098,0.00392156862745098]
[0.0,0.0]
[0.06274509803921569,0.06274509803921569]
[0.03529411764705882,0.03529411764705882]
[0.0,0.0]
[0.0,0.0]
[0.047058823529411764,0.047058823529411764]
[0.08235294117647059,0.08235294117647059]
[0.6941176470588235,0.6941176470588235]
[0.8,0.8]
[1.0,1.0]
[1.0,1.0]
[0.9450980392156862,0.9450980392156862]
[0.9764705882352941,0.9764705882352941]
[0.9568627450980393,0.9568627450980393]
[0.9254901960784314,0.9254901960784314]
[0.9686274509803922,0.9686274509803922]
[0.9333333333333333,0.9333333333333333]
[0.6039215686274509,0.6039215686274509]
[0.6627450980392157,0.6627450980392157]
[0.6274509803921569,0.6274509803921569]
[0.0392156862745098,0.0392156862745098]
[0.043137254901960784,0.043137254901960784]
[0.03137254901960784,0.03137254901960784]
[0.027450980392156862,0.027450980392156862]
[0.0,0.0]
[0.0,0.0]
[0.0,0.0]
[0.0,0.0]
[0.0,0.0]
[0.0,0.0]
[0.0,0.0]
[0.00392156862745098,0.00392156862745098]
[0.011764705882352941,0.011764705882352941]
[0.00392156862745098,0.00392156862745098]
[0.03529411764705882,0.03529411764705882]
[0.0,0.0]
[0.22745098039215686,0.22745098039215686]
[0.4470588235294118,0.4470588235294118]
[0.4392156862745098,0.4392156862745098]
[0.6392156862745098,0.6392156862745098]
[0.9921568627450981,0.9921568627450981]
[0.9921568627450981,0.9921568627450981]
[0.6745098039215687,0.6745098039215687]
[0.48627450980392156,0.48627450980392156]
[0.4117647058823529,0.4117647058823529]
[0.011764705882352941,0.011764705882352941]
[0.054901960784313725,0.054901960784313725]
[0.0,0.0]
[0.027450980392156862,0.027450980392156862]
[0.00392156862745098,0.00392156862745098]
[0.0,0.0]
[0.0,0.0]
[0.00392156862745098,0.00392156862745098]
[0.0196078431372549,0.0196078431372549]
[0.023529411764705882,0.023529411764705882]
[0.00784313725490196,0.00784313725490196]
[0.00392156862745098,0.00392156862745098]
[0.043137254901960784,0.043137254901960784]
[0.0,0.0]
[0.0,0.0]
[0.0196078431372549,0.0196078431372549]
[0.0,0.0]
[0.0,0.0]
[0.01568627450980392,0.01568627450980392]
[0.0,0.0]
[0.027450980392156862,0.027450980392156862]
[0.0,0.0]
[0.06666666666666667,0.06666666666666667]
[0.3137254901960784,0.3137254901960784]
[0.3058823529411765,0.3058823529411765]
[0.09019607843137255,0.09019607843137255]
[0.01568627450980392,0.01568627450980392]
[0.0,0.0]
[0.03529411764705882,0.03529411764705882]
[0.0,0.0]
[0.011764705882352941,0.011764705882352941]
[0.01568627450980392,0.01568627450980392]
[0.0,0.0]
[0.0,0.0]
[0.027450980392156862,0.027450980392156862]
[0.0,0.0]
[0.0,0.0]
[0.0,0.0]
[0.0,0.0]
[0.0196078431372549,0.0196078431372549]
[0.0,0.0]
[0.0,0.0]
[0.0,0.0]
[0.0,0.0]
[0.0,0.0]
[0.0,0.0]
[0.0,0.0]
[0.0,0.0]
[0.0,0.0]
[0.0,0.0]
[0.0,0.0]
[0.0,0.0]
[0.0,0.0]
[0.0,0.0]
[0.0,0.0]
[0.0,0.0]
[0.0,0.0]
[0.0,0.0]
[0.0,0.0]
[0.0,0.0]
[0.0,0.0]
[0.0,0.0]
[0.0,0.0]
[0.0,0.0]
[0.0,0.0]
[0.0,0.0]
[0.0,0.0]
[0.0,0.0]
[0.0,0.0]
[0.0,0.0]
[0.0,0.0]
[0.0,0.0]
[0.0,0.0]
[0.0,0.0]
[0.0,0.0]
[0.0,0.0]
[0.0,0.0]
[0.0,0.0]
[0.0,0.0]
[0.0,0.0]
[0.0,0.0]
[0.0,0.0]
[0.0,0.0]
[0.0,0.0]
[0.0,0.0]
[0.0,0.0]
[0.0,0.0]
[0.0,0.0]
[0.0,0.0]
[0.0,0.0]
[0.0,0.0]
[0.0,0.0]
[0.0,0.0]
[0.0,0.0]
[0.0,0.0]
[0.0,0.0]
[0.0,0.0]
[0.0,0.0]
[0.0,0.0]
[0.0,0.0]
[0.0,0.0]
[0.0,0.0]
[0.0,0.0]
[0.0,0.0]
[0.0,0.0]
[0.0,0.0]
[0.0,0.0]
[0.0,0.0]
[0.0,0.0]
[0.0,0.0]
[0.0,0.0]
[0.0,0.0]
[0.0,0.0]
[0.0,0.0]
[0.0,0.0]
[0.0,0.0]
[0.0,0.0]
[0.0,0.0]
[0.0,0.0]
[0.0,0.0]
[0.0,0.0]
[0.0,0.0]
[0.0,0.0]
[0.0,0.0]
[0.0,0.0]
[0.0,0.0]
[0.0,0.0]
[0.0,0.0]
[0.0,0.0]
[0.0,0.0]
[0.0,0.0]
[0.0,0.0]
[0.0,0.0]
[0.0,0.0]
[0.0,0.0]
[0.0,0.0]
[0.0,0.0]
[0.0,0.0]
[0.0,0.0]
[0.0,0.0]
[0.0,0.0]
[0.0,0.0]
[0.0,0.0]
[0.0,0.0]
[0.0,0.0]
[0.0,0.0]
[0.0,0.0]
[0.0,0.0]
[0.0,0.0]
[0.0,0.0]
[0.0,0.0]
[0.0,0.0]
[0.0,0.02]
[0.0,0.02]
[0.0,0.02]
[0.0,0.02]
[0.0,0.02]
[0.0,0.02]
[0.0,0.02]
[0.0,0.02]
[0.0,0.035686274509803925]
[0.0,0.02]
[0.0,0.02]
[0.0,0.02]
[0.0,0.031764705882352945]
[0.0,0.02]
[0.0,0.02]
[0.0,0.02784313725490196]
[0.0,0.02]
[0.0,0.02]
[0.0,0.02]
[0.0,0.039607843137254906]
[0.0,0.02784313725490196]
[0.0,0.02]
[0.0,0.02]
[0.0,0.039607843137254906]
[0.0,0.02]
[0.0,0.02]
[0.0,0.02]
[0.0,0.02]
[0.0,0.02]
[0.0,0.02]
[0.0,0.02]
[0.0,0.02]
[0.0,0.02]
[0.0,0.02]
[0.0,0.02]
[0.0,0.02]
[0.0,0.02]
[0.0,0.02]
[0.011372549019607842,0.05137254901960785]
[0.027058823529411764,0.06705882352941177]
[0.0,0.035686274509803925]
[0.0,0.02]
[0.0,0.02]
[0.0,0.039607843137254906]
[0.0,0.02392156862745098]
[0.0,0.02]
[0.0,0.02784313725490196]
[0.0,0.039607843137254906]
[0.0,0.039607843137254906]
[0.0,0.02392156862745098]
[0.0,0.02]
[0.0,0.02]
[0.0,0.02]
[0.0,0.02]
[0.0,0.02]
[0.0,0.02]
[0.0,0.02]
[0.0,0.02]
[0.0,0.02]
[0.0,0.02]
[0.0,0.02]
[0.0,0.02]
[0.0,0.02]
[0.0,0.02]
[0.007450980392156862,0.047450980392156866]
[0.0,0.02]
[0.0,0.02]
[0.0,0.039607843137254906]
[0.0,0.02]
[0.0,0.02]
[0.0,0.02784313725490196]
[0.0,0.02]
[0.007450980392156862,0.047450980392156866]
[0.0,0.035686274509803925]
[0.0,0.02]
[0.0,0.02]
[0.0,0.02]
[0.0,0.035686274509803925]
[0.0,0.035686274509803925]
[0.0,0.02]
[0.0,0.02]
[0.0,0.02]
[0.0,0.02]
[0.0,0.02]
[0.0,0.02]
[0.0,0.02]
[0.0,0.02]
[0.0,0.02]
[0.0,0.02]
[0.0,0.02]
[0.0,0.02]
[0.0,0.02]
[0.023137254901960783,0.06313725490196079]
[0.0,0.02]
[0.0,0.02]
[0.0,0.02]
[0.0,0.02]
[0.0,0.035686274509803925]
[0.0035294117647058816,0.043529411764705886]
[0.0,0.02]
[0.0,0.02392156862745098]
[0.0,0.02784313725490196]
[0.0,0.02]
[0.0,0.02]
[0.0,0.02]
[0.0,0.02784313725490196]
[0.0,0.02392156862745098]
[0.0,0.02]
[0.0,0.02]
[0.0,0.02]
[0.0,0.02]
[0.0,0.02]
[0.0,0.02]
[0.0,0.02]
[0.0,0.02]
[0.0,0.02]
[0.0,0.02]
[0.0,0.02]
[0.0,0.02]
[0.0,0.02]
[0.0,0.02]
[0.0,0.02392156862745098]
[0.015294117647058823,0.05529411764705883]
[0.019215686274509803,0.05921568627450981]
[0.0,0.02392156862745098]
[0.0,0.02]
[0.0,0.02784313725490196]
[0.0,0.02784313725490196]
[0.0,0.02]
[0.0,0.02392156862745098]
[0.007450980392156862,0.047450980392156866]
[0.007450980392156862,0.047450980392156866]
[0.0,0.039607843137254906]
[0.0,0.035686274509803925]
[0.0,0.031764705882352945]
[0.0,0.02]
[0.0,0.02]
[0.0,0.02]
[0.0,0.02]
[0.0,0.02]
[0.0,0.02]
[0.0,0.02]
[0.0,0.02]
[0.0,0.02]
[0.0,0.02]
[0.0,0.02]
[0.0,0.02]
[0.0,0.02]
[0.0,0.02]
[0.0,0.02]
[0.0,0.02]
[0.0,0.02]
[0.0,0.02]
[0.0,0.02784313725490196]
[0.0,0.02]
[0.0,0.031764705882352945]
[0.0,0.02392156862745098]
[0.0,0.02]
[0.0,0.02]
[0.0,0.02]
[0.0,0.02]
[0.0,0.02]
[0.0,0.02]
[0.0,0.035686274509803925]
[0.0,0.02]
[0.0,0.02]
[0.0,0.02]
[0.0,0.02]
[0.0,0.02]
[0.0,0.02]
[0.0,0.02]
[0.0,0.02]
[0.0,0.02]
[0.0,0.02]
[0.0,0.02]
[0.0,0.02]
[0.0,0.02]
[0.05058823529411764,0.09058823529411765]
[0.03490196078431372,0.07490196078431373]
[0.08980392156862745,0.12980392156862744]
[0.2976470588235294,0.3376470588235294]
[0.3564705882352941,0.39647058823529413]
[0.2976470588235294,0.3376470588235294]
[0.32509803921568625,0.3650980392156863]
[0.3368627450980392,0.37686274509803924]
[0.30549019607843136,0.3454901960784314]
[0.2976470588235294,0.3376470588235294]
[0.2976470588235294,0.3376470588235294]
[0.21921568627450982,0.2592156862745098]
[0.0780392156862745,0.11803921568627451]
[0.0,0.02392156862745098]
[0.0,0.02]
[0.0,0.02]
[0.0,0.02]
[0.0,0.02]
[0.0,0.02]
[0.0,0.02]
[0.0,0.02]
[0.0,0.02]
[0.0,0.02]
[0.0,0.02]
[0.0,0.02]
[0.0,0.02]
[0.0,0.02]
[0.027058823529411764,0.06705882352941177]
[0.3015686274509804,0.34156862745098043]
[0.4701960784313725,0.5101960784313725]
[0.6545098039215687,0.6945098039215687]
[0.9447058823529412,0.9847058823529412]
[0.98,1.0]
[0.9250980392156862,0.9650980392156863]
[0.98,1.0]
[0.9447058823529412,0.9847058823529412]
[0.9368627450980392,0.9768627450980393]
[0.98,1.0]
[0.98,1.0]
[0.8427450980392157,0.8827450980392157]
[0.49764705882352944,0.5376470588235295]
[0.17607843137254903,0.216078431372549]
[0.019215686274509803,0.05921568627450981]
[0.0,0.02]
[0.0,0.02]
[0.0,0.02]
[0.0,0.02]
[0.0,0.02]
[0.011372549019607842,0.05137254901960785]
[0.0,0.02]
[0.0,0.02]
[0.027058823529411764,0.06705882352941177]
[0.0,0.02]
[0.0,0.02]
[0.30941176470588233,0.34941176470588237]
[0.6113725490196078,0.6513725490196078]
[0.9054901960784314,0.9454901960784314]
[0.964313725490196,1.0]
[0.98,1.0]
[0.960392156862745,1.0]
[0.98,1.0]
[0.9564705882352941,0.9964705882352941]
[0.9447058823529412,0.9847058823529412]
[0.98,1.0]
[0.9094117647058824,0.9494117647058824]
[0.960392156862745,1.0]
[0.9486274509803921,0.9886274509803922]
[0.98,1.0]
[0.9015686274509803,0.9415686274509804]
[0.8113725490196079,0.8513725490196079]
[0.19568627450980394,0.23568627450980392]
[0.0,0.02]
[0.0,0.02]
[0.023137254901960783,0.06313725490196079]
[0.0035294117647058816,0.043529411764705886]
[0.0,0.02]
[0.0,0.02]
[0.0,0.02392156862745098]
[0.0,0.039607843137254906]
[0.0,0.02784313725490196]
[0.0,0.02]
[0.05450980392156862,0.09450980392156863]
[0.4545098039215686,0.4945098039215686]
[0.98,1.0]
[0.9368627450980392,0.9768627450980393]
[0.960392156862745,1.0]
[0.960392156862745,1.0]
[0.8937254901960784,0.9337254901960784]
[0.9290196078431372,0.9690196078431372]
[0.98,1.0]
[0.98,1.0]
[0.8858823529411765,0.9258823529411765]
[0.9682352941176471,1.0]
[0.98,1.0]
[0.964313725490196,1.0]
[0.8976470588235294,0.9376470588235294]
[0.98,1.0]
[0.9682352941176471,1.0]
[0.3133333333333333,0.35333333333333333]
[0.04274509803921568,0.08274509803921569]
[0.0,0.031764705882352945]
[0.0,0.02]
[0.0,0.02]
[0.023137254901960783,0.06313725490196079]
[0.0,0.02]
[0.0,0.02]
[0.011372549019607842,0.05137254901960785]
[0.0,0.02]
[0.0,0.02]
[0.43098039215686273,0.47098039215686277]
[0.960392156862745,1.0]
[0.9486274509803921,0.9886274509803922]
[0.8819607843137255,0.9219607843137255]
[0.98,1.0]
[0.8074509803921568,0.8474509803921568]
[0.8388235294117646,0.8788235294117647]
[0.8113725490196079,0.8513725490196079]
[0.776078431372549,0.816078431372549]
[0.6819607843137254,0.7219607843137255]
[0.0,0.035686274509803925]
[0.030980392156862744,0.07098039215686275]
[0.0,0.02]
[0.0,0.039607843137254906]
[0.21137254901960786,0.25137254901960787]
[0.9133333333333333,0.9533333333333334]
[0.9682352941176471,1.0]
[0.28196078431372545,0.3219607843137255]
[0.0,0.02]
[0.0,0.02]
[0.0,0.02]
[0.0,0.031764705882352945]
[0.0,0.02]
[0.0,0.035686274509803925]
[0.0,0.02784313725490196]
[0.0,0.02]
[0.007450980392156862,0.047450980392156866]
[0.23882352941176474,0.27882352941176475]
[0.8937254901960784,0.9337254901960784]
[0.972156862745098,1.0]
[0.98,1.0]
[0.98,1.0]
[0.787843137254902,0.827843137254902]
[0.0,0.02]
[0.0,0.02784313725490196]
[0.0035294117647058816,0.043529411764705886]
[0.0,0.02]
[0.0,0.02]
[0.0,0.02]
[0.011372549019607842,0.05137254901960785]
[0.0,0.02]
[0.0035294117647058816,0.043529411764705886]
[0.10156862745098039,0.1415686274509804]
[0.7447058823529411,0.7847058823529411]
[0.972156862745098,1.0]
[0.5368627450980392,0.5768627450980393]
[0.07411764705882352,0.11411764705882353]
[0.03490196078431372,0.07490196078431373]
[0.0,0.031764705882352945]
[0.0,0.031764705882352945]
[0.0,0.02]
[0.0,0.035686274509803925]
[0.0,0.02784313725490196]
[0.0,0.02784313725490196]
[0.0,0.035686274509803925]
[0.0976470588235294,0.1376470588235294]
[0.9407843137254902,0.9807843137254902]
[0.98,1.0]
[0.9250980392156862,0.9650980392156863]
[0.964313725490196,1.0]
[0.764313725490196,0.8043137254901961]
[0.0,0.02]
[0.0,0.031764705882352945]
[0.0,0.039607843137254906]
[0.0,0.02]
[0.0,0.02]
[0.023137254901960783,0.06313725490196079]
[0.015294117647058823,0.05529411764705883]
[0.0,0.02]
[0.0,0.02]
[0.0,0.02]
[0.33294117647058824,0.3729411764705883]
[0.9015686274509803,0.9415686274509804]
[0.98,1.0]
[0.08588235294117647,0.12588235294117647]
[0.0,0.02]
[0.0,0.031764705882352945]
[0.0,0.02]
[0.023137254901960783,0.06313725490196079]
[0.0,0.02]
[0.0,0.02]
[0.0,0.039607843137254906]
[0.0,0.02]
[0.14470588235294118,0.18470588235294116]
[0.9211764705882353,0.9611764705882353]
[0.98,1.0]
[0.5368627450980392,0.5768627450980393]
[0.35254901960784313,0.39254901960784316]
[0.3015686274509804,0.34156862745098043]
[0.0035294117647058816,0.043529411764705886]
[0.0,0.02]
[0.0,0.02]
[0.0035294117647058816,0.043529411764705886]
[0.0,0.035686274509803925]
[0.0,0.02392156862745098]
[0.0,0.02]
[0.0,0.02]
[0.015294117647058823,0.05529411764705883]
[0.015294117647058823,0.05529411764705883]
[0.0976470588235294,0.1376470588235294]
[0.6270588235294118,0.6670588235294118]
[0.9133333333333333,0.9533333333333334]
[0.21137254901960786,0.25137254901960787]
[0.0,0.02]
[0.0,0.02]
[0.0,0.02]
[0.0,0.02]
[0.0035294117647058816,0.043529411764705886]
[0.0,0.02]
[0.0,0.02]
[0.011372549019607842,0.05137254901960785]
[0.8270588235294117,0.8670588235294118]
[0.98,1.0]
[0.5094117647058823,0.5494117647058824]
[0.03490196078431372,0.07490196078431373]
[0.0,0.02]
[0.0,0.02]
[0.0,0.039607843137254906]
[0.0,0.02]
[0.0,0.02]
[0.0,0.035686274509803925]
[0.0,0.02]
[0.0,0.031764705882352945]
[0.007450980392156862,0.047450980392156866]
[0.0,0.02]
[0.0,0.02]
[0.0,0.02]
[0.0,0.02]
[0.5250980392156862,0.5650980392156862]
[0.98,1.0]
[0.776078431372549,0.816078431372549]
[0.05450980392156862,0.09450980392156863]
[0.015294117647058823,0.05529411764705883]
[0.0,0.02]
[0.0,0.02]
[0.0,0.02392156862745098]
[0.0,0.035686274509803925]
[0.0,0.02]
[0.0,0.031764705882352945]
[0.98,1.0]
[0.8545098039215686,0.8945098039215686]
[0.4152941176470588,0.45529411764705885]
[0.0,0.02]
[0.07019607843137254,0.11019607843137255]
[0.0,0.02]
[0.0,0.02]
[0.0,0.02]
[0.019215686274509803,0.05921568627450981]
[0.0,0.02]
[0.0,0.02]
[0.0,0.02]
[0.027058823529411764,0.06705882352941177]
[0.0,0.02]
[0.0,0.02]
[0.0,0.02784313725490196]
[0.06627450980392156,0.10627450980392157]
[0.5368627450980392,0.5768627450980393]
[0.960392156862745,1.0]
[0.9486274509803921,0.9886274509803922]
[0.0,0.031764705882352945]
[0.0,0.02]
[0.0,0.02392156862745098]
[0.0,0.02]
[0.0,0.031764705882352945]
[0.0,0.02]
[0.0,0.02]
[0.0,0.02]
[0.98,1.0]
[0.5603921568627451,0.6003921568627452]
[0.030980392156862744,0.07098039215686275]
[0.0,0.031764705882352945]
[0.0,0.02]
[0.0,0.02]
[0.011372549019607842,0.05137254901960785]
[0.0,0.02]
[0.0,0.02]
[0.0,0.02784313725490196]
[0.0,0.02]
[0.0,0.02]
[0.0,0.02784313725490196]
[0.0,0.039607843137254906]
[0.0,0.02]
[0.36039215686274506,0.4003921568627451]
[0.5643137254901961,0.6043137254901961]
[0.9015686274509803,0.9415686274509804]
[0.98,1.0]
[0.6388235294117647,0.6788235294117647]
[0.04666666666666666,0.08666666666666667]
[0.0,0.02]
[0.0,0.02]
[0.0035294117647058816,0.043529411764705886]
[0.0,0.02]
[0.0,0.031764705882352945]
[0.015294117647058823,0.05529411764705883]
[0.0,0.031764705882352945]
[0.9211764705882353,0.9611764705882353]
[0.8701960784313725,0.9101960784313725]
[0.183921568627451,0.22392156862745097]
[0.0,0.02]
[0.0035294117647058816,0.043529411764705886]
[0.0,0.039607843137254906]
[0.0,0.02392156862745098]
[0.0,0.02]
[0.0,0.02]
[0.03490196078431372,0.07490196078431373]
[0.0,0.02]
[0.0,0.02]
[0.0,0.02]
[0.38784313725490194,0.427843137254902]
[0.48196078431372547,0.5219607843137255]
[0.9407843137254902,0.9807843137254902]
[0.9250980392156862,0.9650980392156863]
[0.98,1.0]
[0.9368627450980392,0.9768627450980393]
[0.21529411764705883,0.25529411764705884]
[0.0,0.02]
[0.0,0.02]
[0.019215686274509803,0.05921568627450981]
[0.0,0.02]
[0.0,0.02]
[0.0,0.02]
[0.0,0.02]
[0.0,0.02]
[0.98,1.0]
[0.976078431372549,1.0]
[0.783921568627451,0.823921568627451]
[0.183921568627451,0.22392156862745097]
[0.05450980392156862,0.09450980392156863]
[0.0,0.02]
[0.0,0.02]
[0.0,0.02]
[0.09372549019607843,0.13372549019607843]
[0.4349019607843137,0.47490196078431374]
[0.6584313725490196,0.6984313725490197]
[0.6545098039215687,0.6945098039215687]
[0.7211764705882353,0.7611764705882353]
[0.7956862745098039,0.8356862745098039]
[0.9172549019607843,0.9572549019607843]
[0.98,1.0]
[0.98,1.0]
[0.9407843137254902,0.9807843137254902]
[0.5407843137254902,0.5807843137254902]
[0.0,0.035686274509803925]
[0.0,0.02]
[0.030980392156862744,0.07098039215686275]
[0.0,0.02784313725490196]
[0.015294117647058823,0.05529411764705883]
[0.015294117647058823,0.05529411764705883]
[0.0,0.02]
[0.0,0.02]
[0.08588235294117647,0.12588235294117647]
[0.9290196078431372,0.9690196078431372]
[0.960392156862745,1.0]
[0.960392156862745,1.0]
[0.8584313725490196,0.8984313725490196]
[0.7917647058823529,0.831764705882353]
[0.768235294117647,0.808235294117647]
[0.8545098039215686,0.8945098039215686]
[0.8192156862745098,0.8592156862745098]
[0.764313725490196,0.8043137254901961]
[0.8976470588235294,0.9376470588235294]
[0.98,1.0]
[0.9682352941176471,1.0]
[0.8780392156862745,0.9180392156862746]
[0.972156862745098,1.0]
[0.9486274509803921,0.9886274509803922]
[0.9682352941176471,1.0]
[0.976078431372549,1.0]
[0.48588235294117643,0.5258823529411765]
[0.07019607843137254,0.11019607843137255]
[0.011372549019607842,0.05137254901960785]
[0.015294117647058823,0.05529411764705883]
[0.030980392156862744,0.07098039215686275]
[0.0,0.02]
[0.0,0.02]
[0.0,0.02392156862745098]
[0.007450980392156862,0.047450980392156866]
[0.0,0.02]
[0.0,0.02]
[0.13294117647058826,0.17294117647058824]
[0.9682352941176471,1.0]
[0.98,1.0]
[0.9250980392156862,0.9650980392156863]
[0.976078431372549,1.0]
[0.976078431372549,1.0]
[0.98,1.0]
[0.964313725490196,1.0]
[0.98,1.0]
[0.98,1.0]
[0.960392156862745,1.0]
[0.98,1.0]
[0.964313725490196,1.0]
[0.98,1.0]
[0.8545098039215686,0.8945098039215686]
[0.6937254901960784,0.7337254901960785]
[0.0,0.02]
[0.0,0.02]
[0.0,0.02784313725490196]
[0.0,0.02]
[0.0,0.02784313725490196]
[0.0,0.02392156862745098]
[0.0,0.02]
[0.04274509803921568,0.08274509803921569]
[0.015294117647058823,0.05529411764705883]
[0.0,0.02]
[0.0,0.02]
[0.027058823529411764,0.06705882352941177]
[0.06235294117647058,0.10235294117647059]
[0.6741176470588235,0.7141176470588235]
[0.78,0.8200000000000001]
[0.98,1.0]
[0.98,1.0]
[0.9250980392156862,0.9650980392156863]
[0.9564705882352941,0.9964705882352941]
[0.9368627450980392,0.9768627450980393]
[0.9054901960784314,0.9454901960784314]
[0.9486274509803921,0.9886274509803922]
[0.9133333333333333,0.9533333333333334]
[0.5839215686274509,0.623921568627451]
[0.6427450980392156,0.6827450980392157]
[0.6074509803921568,0.6474509803921569]
[0.019215686274509803,0.05921568627450981]
[0.023137254901960783,0.06313725490196079]
[0.011372549019607842,0.05137254901960785]
[0.007450980392156862,0.047450980392156866]
[0.0,0.02]
[0.0,0.02]
[0.0,0.02]
[0.0,0.02]
[0.0,0.02]
[0.0,0.02]
[0.0,0.02]
[0.0,0.02392156862745098]
[0.0,0.031764705882352945]
[0.0,0.02392156862745098]
[0.015294117647058823,0.05529411764705883]
[0.0,0.02]
[0.20745098039215687,0.24745098039215685]
[0.42705882352941177,0.4670588235294118]
[0.4192156862745098,0.4592156862745098]
[0.6192156862745097,0.6592156862745098]
[0.972156862745098,1.0]
[0.972156862745098,1.0]
[0.6545098039215687,0.6945098039215687]
[0.46627450980392154,0.5062745098039215]
[0.3917647058823529,0.43176470588235294]
[0.0,0.031764705882352945]
[0.03490196078431372,0.07490196078431373]
[0.0,0.02]
[0.007450980392156862,0.047450980392156866]
[0.0,0.02392156862745098]
[0.0,0.02]
[0.0,0.02]
[0.0,0.02392156862745098]
[0.0,0.039607843137254906]
[0.0035294117647058816,0.043529411764705886]
[0.0,0.02784313725490196]
[0.0,0.02392156862745098]
[0.023137254901960783,0.06313725490196079]
[0.0,0.02]
[0.0,0.02]
[0.0,0.039607843137254906]
[0.0,0.02]
[0.0,0.02]
[0.0,0.035686274509803925]
[0.0,0.02]
[0.007450980392156862,0.047450980392156866]
[0.0,0.02]
[0.04666666666666666,0.08666666666666667]
[0.2937254901960784,0.33372549019607844]
[0.2858823529411765,0.3258823529411765]
[0.07019607843137254,0.11019607843137255]
[0.0,0.035686274509803925]
[0.0,0.02]
[0.015294117647058823,0.05529411764705883]
[0.0,0.02]
[0.0,0.031764705882352945]
[0.0,0.035686274509803925]
[0.0,0.02]
[0.0,0.02]
[0.007450980392156862,0.047450980392156866]
[0.0,0.02]
[0.0,0.02]
[0.0,0.02]
[0.0,0.02]
[0.0,0.039607843137254906]
[0.0,0.02]
[0.0,0.02]
[0.0,0.02]
[0.0,0.02]
[0.0,0.02]
[0.0,0.02]
[0.0,0.02]
[0.0,0.02]
[0.0,0.02]
[0.0,0.02]
[0.0,0.02]
[0.0,0.02]
[0.0,0.02]
[0.0,0.02]
[0.0,0.02]
[0.0,0.02]
[0.0,0.02]
[0.0,0.02]
[0.0,0.02]
[0.0,0.02]
[0.0,0.02]
[0.0,0.02]
[0.0,0.02]
[0.0,0.02]
[0.0,0.02]
[0.0,0.02]
[0.0,0.02]
[0.0,0.02]
[0.0,0.02]
[0.0,0.02]
[0.0,0.02]
[0.0,0.02]
[0.0,0.02]
[0.0,0.02]
[0.0,0.02]
[0.0,0.02]
[0.0,0.02]
[0.0,0.02]
[0.0,0.02]
[0.0,0.02]
[0.0,0.02]
[0.0,0.02]
[0.0,0.02]
[0.0,0.02]
[0.0,0.02]
[0.0,0.02]
[0.0,0.02]
[0.0,0.02]
[0.0,0.02]
[0.0,0.02]
[0.0,0.02]
[0.0,0.02]
[0.0,0.02]
[0.0,0.02]
[0.0,0.02]
[0.0,0.02]
[0.0,0.02]
[0.0,0.02]
[0.0,0.02]
[0.0,0.02]
[0.0,0.02]
[0.0,0.02]
[0.0,0.02]
[0.0,0.02]
[0.0,0.02]
[0.0,0.02]
[0.0,0.02]
[0.0,0.02]
[0.0,0.02]
[0.0,0.02]
[0.0,0.02]
[0.0,0.02]
[0.0,0.02]
[0.0,0.02]
[0.0,0.02]
[0.0,0.02]
[0.0,0.02]
[0.0,0.02]
[0.0,0.02]
[0.0,0.02]
[0.0,0.02]
[0.0,0.02]
[0.0,0.02]
[0.0,0.02]
[0.0,0.02]
[0.0,0.02]
[0.0,0.02]
[0.0,0.02]
[0.0,0.02]
[0.0,0.02]
[0.0,0.02]
[0.0,0.02]
[0.0,0.02]
[0.0,0.02]
[0.0,0.02]
[0.0,0.02]
[0.0,0.02]
[0.0,0.02]
[0.0,0.02]
[0.0,0.02]
[0.0,0.02]
[0.0,0.02]
[0.0,0.02]
[0.0,0.02]
[0.0,0.02]
[0.0,0.02]
[0.0,0.02]
[0.0,0.02]
[0.0,0.02]
[0.0,0.02]
[0.0,0.02]
[0.0,0.02]
